231
0 1
0 2
0 3
0 17
0 21
0 25
0 26
0 27
0 28
0 29
0 30
0 48
0 49
0 50
0 199
0 200
0 201
0 202
0 203
0 204
0 205
0 208
1 2
1 3
1 4
1 17
1 20
1 21
1 25
1 26
1 27
1 28
1 29
1 30
1 31
1 47
1 48
1 49
1 50
1 51
1 195
1 196
1 199
1 200
1 201
1 202
1 203
1 204
1 205
1 206
1 207
1 208
1 209
2 3
2 4
2 5
2 17
2 26
2 27
2 28
2 29
2 30
2 31
2 32
2 46
2 47
2 48
2 49
2 50
2 51
2 52
2 195
2 196
2 199
2 200
2 201
2 202
2 204
2 205
2 208
3 4
3 5
3 6
3 9
3 10
3 13
3 14
3 16
3 17
3 27
3 28
3 29
3 30
3 31
3 32
3 33
3 38
3 42
3 46
3 47
3 48
3 49
3 50
3 51
3 52
3 53
3 193
3 194
3 195
3 196
3 199
3 201
3 204
3 205
3 208
3 209
4 5
4 6
4 7
4 8
4 9
4 10
4 13
4 14
4 17
4 28
4 29
4 30
4 31
4 32
4 33
4 34
4 35
4 37
4 38
4 39
4 41
4 42
4 46
4 47
4 48
4 49
4 50
4 51
4 52
4 53
4 54
4 193
4 194
4 195
4 196
5 6
5 7
5 8
5 9
5 10
5 11
5 12
5 13
5 14
5 17
5 29
5 30
5 31
5 32
5 33
5 34
5 35
5 36
5 37
5 38
5 39
5 41
5 42
5 48
5 49
5 50
5 51
5 52
5 53
5 54
5 55
5 58
5 59
5 76
5 114
5 144
5 145
5 146
5 191
5 192
5 193
5 194
5 195
6 7
6 8
6 9
6 10
6 11
6 12
6 13
6 30
6 31
6 32
6 33
6 34
6 35
6 36
6 37
6 38
6 39
6 50
6 51
6 52
6 53
6 54
6 55
6 56
6 58
6 59
6 79
6 113
6 114
6 115
6 116
6 143
6 144
6 145
6 146
6 147
6 163
6 191
6 192
6 193
7 8
7 9
7 10
7 11
7 12
7 13
7 14
7 30
7 31
7 32
7 33
7 34
7 35
7 36
7 37
7 38
7 51
7 52
7 53
7 54
7 55
7 109
7 113
7 114
7 115
7 116
7 117
7 142
7 143
7 144
7 145
7 146
7 147
7 148
7 149
7 150
7 162
7 163
7 165
7 166
7 191
8 9
8 10
8 11
8 12
8 13
8 14
8 32
8 33
8 34
8 35
8 52
8 53
8 54
8 55
8 77
8 78
8 79
8 80
8 81
8 82
8 109
8 114
8 115
8 116
8 117
8 143
8 144
8 145
8 146
8 147
8 148
8 149
8 150
8 161
8 162
8 163
8 164
8 165
8 166
8 167
8 189
8 191
8 224
8 225
8 226
9 10
9 11
9 12
9 13
9 14
9 15
9 16
9 17
9 30
9 31
9 32
9 33
9 34
9 35
9 51
9 52
9 53
9 54
9 55
9 76
9 77
9 78
9 79
9 80
9 115
9 116
9 144
9 145
9 146
9 162
9 163
9 164
9 165
9 166
9 167
9 191
9 192
9 193
9 220
9 221
9 224
9 225
9 226
10 11
10 12
10 13
10 14
10 15
10 16
10 17
10 29
10 30
10 31
10 32
10 33
10 34
10 35
10 51
10 52
10 53
10 54
10 144
10 145
10 146
10 163
10 165
10 166
10 221
10 224
11 12
11 13
11 14
11 15
11 16
11 17
11 18
11 30
11 31
11 32
11 146
11 163
11 164
11 165
11 166
11 167
11 168
11 169
11 220
11 221
11 223
11 224
12 13
12 14
12 15
12 16
12 17
12 18
12 19
12 30
12 32
12 52
12 76
12 77
12 79
12 163
12 164
12 165
12 166
12 167
12 168
12 169
12 170
12 212
12 217
12 218
12 219
12 220
12 221
12 222
12 223
12 224
12 225
12 226
13 14
13 15
13 16
13 17
13 18
13 19
13 20
13 21
13 28
13 29
13 30
13 31
13 32
13 50
13 51
13 52
13 53
13 76
13 77
13 165
13 166
13 208
13 212
13 217
13 218
13 220
13 221
13 224
14 15
14 16
14 17
14 18
14 19
14 20
14 21
14 27
14 28
14 29
14 30
14 31
14 32
14 165
14 217
14 220
14 221
14 224
15 16
15 17
15 18
15 19
15 20
15 21
15 22
15 28
15 30
15 165
15 170
15 212
15 216
15 217
15 218
15 219
15 220
15 221
15 223
15 224
16 17
16 18
16 19
16 20
16 21
16 22
16 23
16 26
16 27
16 28
16 29
16 30
16 208
16 209
16 211
16 212
16 213
16 214
16 215
16 216
16 217
16 218
16 219
16 220
16 221
16 222
16 223
16 224
17 18
17 19
17 20
17 21
17 22
17 23
17 24
17 25
17 26
17 27
17 28
17 29
17 30
17 208
17 209
17 211
17 212
17 216
17 217
17 220
17 221
18 19
18 20
18 21
18 22
18 23
18 24
18 25
18 26
18 27
18 28
18 29
18 30
18 216
18 217
18 220
19 20
19 21
19 22
19 23
19 24
19 25
19 26
19 27
19 28
19 208
19 211
19 212
19 214
19 215
19 216
19 217
19 218
19 219
19 220
19 221
20 21
20 22
20 23
20 24
20 25
20 26
20 27
20 28
20 204
20 207
20 208
20 209
20 210
20 211
20 212
20 214
20 215
20 216
20 217
20 220
21 22
21 23
21 24
21 25
21 26
21 27
21 28
21 29
21 208
21 211
22 23
22 24
22 25
22 26
22 27
22 28
22 216
23 24
23 25
23 26
23 27
23 208
23 211
23 216
23 217
24 25
24 26
24 27
24 28
24 204
24 207
24 208
24 211
25 26
25 27
25 28
25 204
26 27
26 28
26 29
26 204
26 205
26 207
26 208
27 28
27 29
27 30
27 204
27 205
27 208
28 29
28 30
28 31
28 48
28 49
28 50
28 201
28 204
28 205
28 208
29 30
29 31
29 32
29 47
29 48
29 49
29 50
30 31
30 32
30 33
30 48
30 49
30 50
30 51
30 52
31 32
31 33
31 34
31 35
31 38
31 41
31 46
31 47
31 48
31 49
31 50
31 51
31 52
32 33
32 34
32 35
32 36
32 37
32 38
32 39
32 41
32 48
32 50
32 51
32 52
32 53
32 54
32 144
32 145
32 146
32 147
33 34
33 35
33 36
33 37
33 38
33 39
33 40
33 41
33 42
33 51
33 52
33 53
33 54
33 109
33 113
33 114
33 115
33 142
33 143
33 144
33 145
33 146
33 147
34 35
34 36
34 37
34 38
34 39
34 40
34 41
34 51
34 52
34 53
34 54
34 55
34 58
34 109
34 110
34 111
34 112
34 113
34 114
34 115
34 116
34 117
34 118
34 142
34 143
34 144
34 145
34 146
34 147
34 148
35 36
35 37
35 38
35 39
35 40
35 41
35 42
35 51
35 52
35 53
35 54
35 55
35 56
35 57
35 58
35 59
35 109
35 110
35 111
35 112
35 113
35 114
35 115
35 116
35 117
35 118
35 143
35 144
35 145
35 146
35 191
35 192
35 193
36 37
36 38
36 39
36 40
36 41
36 42
36 43
36 51
36 52
36 53
36 54
36 55
36 56
36 57
36 58
36 59
36 61
36 62
36 109
36 110
36 111
36 112
36 113
36 114
36 115
36 116
36 117
36 118
36 143
36 144
36 145
37 38
37 39
37 40
37 41
37 42
37 43
37 44
37 46
37 51
37 53
37 54
37 58
37 110
37 112
37 113
37 114
37 115
37 143
37 144
38 39
38 40
38 41
38 42
38 43
38 44
38 45
38 46
38 47
38 48
38 50
38 51
38 52
38 53
38 54
38 55
38 58
38 59
38 62
38 113
38 114
38 144
39 40
39 41
39 42
39 43
39 44
39 45
39 46
39 47
39 48
39 50
39 51
39 52
39 53
39 54
39 55
39 56
39 57
39 58
39 59
39 60
39 61
39 62
39 63
39 65
39 67
39 68
39 113
39 114
39 193
39 194
39 196
40 41
40 42
40 43
40 44
40 45
40 46
40 51
40 53
40 58
40 59
40 61
40 62
40 67
40 113
41 42
41 43
41 44
41 45
41 46
41 47
41 48
41 51
41 58
41 62
41 67
41 196
42 43
42 44
42 45
42 46
42 47
42 48
42 49
42 50
42 51
42 52
42 53
42 58
42 59
42 61
42 62
42 63
42 65
42 66
42 67
42 68
42 194
42 195
42 196
42 197
42 198
42 199
43 44
43 45
43 46
43 47
43 48
43 51
43 58
43 59
43 61
43 62
43 63
43 64
43 65
43 66
43 67
43 68
43 196
43 197
43 198
44 45
44 46
44 47
44 48
44 62
44 67
45 46
45 47
45 48
45 49
45 62
45 66
45 67
45 68
45 196
45 197
45 198
45 199
46 47
46 48
46 49
46 50
46 51
46 67
46 196
46 197
46 198
46 199
47 48
47 49
47 50
47 51
47 67
47 195
47 196
47 197
47 198
47 199
47 200
47 201
48 49
48 50
48 51
48 52
48 67
48 68
48 194
48 195
48 196
48 197
48 198
48 199
48 200
48 201
48 202
48 205
49 50
49 51
49 52
49 67
49 68
49 69
49 72
49 193
49 194
49 195
49 196
49 197
49 198
49 199
49 200
49 201
49 202
49 203
49 204
49 205
49 206
49 207
49 208
49 209
50 51
50 52
50 53
50 59
50 62
50 67
50 68
50 69
50 72
50 73
50 74
50 192
50 193
50 194
50 195
50 196
50 197
50 198
50 199
50 200
50 201
50 202
50 203
50 204
50 205
50 206
50 207
50 208
50 209
50 212
51 52
51 53
51 54
51 55
51 56
51 58
51 59
51 60
51 62
51 63
51 67
51 68
51 69
51 72
51 73
51 74
51 75
51 76
51 191
51 192
51 193
51 194
51 195
51 196
51 197
51 199
51 205
51 208
51 209
52 53
52 54
52 55
52 56
52 57
52 58
52 59
52 60
52 68
52 72
52 73
52 74
52 75
52 76
52 77
52 78
52 190
52 191
52 192
52 193
52 194
52 195
52 196
52 209
52 212
53 54
53 55
53 56
53 57
53 58
53 59
53 60
53 61
53 62
53 73
53 74
53 75
53 76
53 77
53 78
53 79
53 113
53 114
53 115
53 116
53 189
53 190
53 191
53 192
53 193
53 194
53 195
54 55
54 56
54 57
54 58
54 59
54 60
54 75
54 76
54 77
54 78
54 79
54 80
54 81
54 111
54 113
54 114
54 115
54 116
54 117
54 118
54 119
54 144
54 145
54 146
54 163
54 188
54 189
54 190
54 191
54 192
54 193
54 194
54 226
55 56
55 57
55 58
55 59
55 60
55 61
55 73
55 74
55 75
55 76
55 77
55 78
55 79
55 111
55 112
55 113
55 114
55 115
55 116
55 117
55 118
55 119
55 187
55 188
55 189
55 190
55 191
55 192
55 193
55 194
56 57
56 58
56 59
56 60
56 61
56 62
56 63
56 73
56 74
56 75
56 76
56 77
56 78
56 115
56 187
56 188
56 189
56 190
56 191
56 192
56 193
56 194
57 58
57 59
57 60
57 61
57 62
57 63
57 64
57 73
57 74
57 75
57 112
57 113
57 114
57 115
57 189
57 190
57 191
57 192
57 193
57 194
58 59
58 60
58 61
58 62
58 63
58 64
58 65
58 67
58 68
58 73
58 112
58 113
58 114
58 115
58 190
58 191
58 192
58 193
58 194
59 60
59 61
59 62
59 63
59 64
59 65
59 66
59 67
59 68
59 69
59 70
59 71
59 72
59 73
59 74
59 75
59 76
59 190
59 191
59 192
59 193
59 194
59 195
59 196
59 197
60 61
60 62
60 63
60 64
60 65
60 66
60 67
60 68
60 69
60 70
60 71
60 72
60 73
60 74
60 75
60 191
60 192
60 193
60 194
60 195
61 62
61 63
61 64
61 65
61 66
61 67
61 68
61 70
61 73
61 192
61 193
61 194
62 63
62 64
62 65
62 66
62 67
62 68
62 69
62 70
62 71
62 72
62 73
62 192
62 193
62 194
62 195
62 196
62 197
62 198
63 64
63 65
63 66
63 67
63 68
63 69
63 70
63 71
63 72
63 73
63 74
63 192
63 193
63 194
63 195
63 196
63 197
64 65
64 66
64 67
64 68
64 69
64 70
64 71
64 73
64 194
64 197
65 66
65 67
65 68
65 69
65 70
65 196
65 197
66 67
66 68
66 69
66 70
66 71
66 194
66 195
66 196
66 197
66 198
67 68
67 69
67 70
67 71
67 72
67 73
67 194
67 195
67 196
67 197
67 198
67 199
68 69
68 70
68 71
68 72
68 73
68 74
68 192
68 193
68 194
68 195
68 196
68 197
68 198
68 199
68 202
69 70
69 71
69 72
69 73
69 74
69 193
69 194
69 195
69 196
69 197
69 198
69 199
69 200
69 201
69 202
69 203
69 205
69 206
69 209
70 71
70 72
70 73
70 74
70 193
70 194
70 195
70 196
70 197
70 198
70 202
70 206
71 72
71 73
71 74
71 193
71 194
71 195
71 196
71 197
71 206
71 209
72 73
72 74
72 75
72 76
72 192
72 193
72 194
72 195
72 196
72 197
72 202
72 203
72 205
72 206
72 207
72 208
72 209
72 210
72 212
73 74
73 75
73 76
73 191
73 192
73 193
73 194
73 195
73 196
73 197
73 206
73 209
73 210
74 75
74 76
74 77
74 78
74 190
74 191
74 192
74 193
74 194
74 195
74 209
74 210
74 212
74 213
74 228
74 229
75 76
75 77
75 78
75 79
75 189
75 190
75 191
75 192
75 193
75 194
75 209
75 212
75 213
75 218
75 226
75 227
75 228
75 229
75 230
76 77
76 78
76 79
76 189
76 190
76 191
76 192
76 193
76 194
76 208
76 209
76 210
76 211
76 212
76 213
76 214
76 217
76 218
76 219
76 220
76 221
76 222
76 226
76 227
76 228
76 229
76 230
77 78
77 79
77 80
77 165
77 188
77 189
77 190
77 191
77 192
77 193
77 212
77 213
77 217
77 218
77 219
77 220
77 221
77 222
77 223
77 224
77 225
77 226
77 227
77 228
77 229
77 230
78 79
78 80
78 81
78 115
78 116
78 163
78 164
78 165
78 183
78 187
78 188
78 189
78 190
78 191
78 192
78 193
78 218
78 221
78 222
78 224
78 225
78 226
78 227
78 228
78 229
78 230
79 80
79 81
79 82
79 115
79 116
79 119
79 162
79 163
79 164
79 165
79 166
79 180
79 183
79 186
79 187
79 188
79 189
79 190
79 191
79 192
79 221
79 222
79 223
79 224
79 225
79 226
79 227
79 228
79 229
80 81
80 82
80 83
80 115
80 116
80 119
80 120
80 161
80 162
80 163
80 164
80 165
80 166
80 167
80 168
80 179
80 180
80 181
80 182
80 183
80 185
80 186
80 187
80 188
80 189
80 190
80 191
80 221
80 222
80 224
80 225
80 226
80 227
80 228
81 82
81 83
81 84
81 108
81 109
81 115
81 116
81 117
81 118
81 119
81 120
81 121
81 122
81 123
81 145
81 149
81 160
81 161
81 162
81 163
81 164
81 165
81 166
81 167
81 168
81 178
81 179
81 180
81 181
81 182
81 183
81 184
81 185
81 186
81 187
81 188
81 189
81 190
81 225
81 226
81 227
82 83
82 84
82 85
82 91
82 92
82 93
82 94
82 95
82 107
82 108
82 116
82 117
82 119
82 120
82 123
82 145
82 148
82 149
82 152
82 159
82 160
82 161
82 162
82 163
82 164
82 165
82 166
82 167
82 168
82 174
82 177
82 178
82 179
82 180
82 181
82 182
82 183
82 185
82 186
82 189
82 225
82 226
83 84
83 85
83 86
83 87
83 90
83 91
83 92
83 93
83 94
83 95
83 96
83 97
83 98
83 106
83 107
83 108
83 116
83 117
83 119
83 120
83 121
83 123
83 124
83 145
83 148
83 149
83 152
83 157
83 158
83 159
83 160
83 161
83 162
83 163
83 164
83 166
83 167
83 174
83 176
83 177
83 178
83 179
83 180
83 181
83 182
84 85
84 86
84 87
84 88
84 89
84 90
84 91
84 92
84 93
84 95
84 97
84 98
84 106
84 107
84 108
84 120
84 148
84 149
84 150
84 151
84 152
84 153
84 154
84 155
84 157
84 158
84 159
84 160
84 161
84 162
84 163
84 164
84 166
84 167
84 168
84 174
84 175
84 176
84 177
84 178
84 179
84 180
84 181
85 86
85 87
85 88
85 89
85 90
85 91
85 92
85 95
85 97
85 98
85 103
85 104
85 105
85 106
85 107
85 148
85 149
85 150
85 151
85 152
85 153
85 154
85 155
85 156
85 157
85 158
85 159
85 160
85 161
85 162
85 167
85 174
85 175
85 176
85 177
85 178
85 179
86 87
86 88
86 89
86 90
86 91
86 106
86 149
86 150
86 151
86 152
86 153
86 154
86 155
86 156
86 157
86 158
86 159
86 160
86 161
86 162
86 167
86 174
86 175
86 176
86 177
86 178
87 88
87 89
87 90
87 91
87 92
87 103
87 152
87 153
87 154
87 155
87 156
87 157
87 158
87 159
87 160
87 174
87 175
87 176
87 177
87 178
88 89
88 90
88 91
88 92
88 93
88 155
88 158
88 159
88 174
88 175
88 176
88 177
88 178
88 179
89 90
89 91
89 92
89 93
89 95
89 97
89 102
89 103
89 158
89 159
89 175
89 176
89 177
89 178
89 179
90 91
90 92
90 93
90 94
90 95
90 96
90 97
90 98
90 100
90 101
90 102
90 103
90 104
90 158
90 159
90 160
90 175
90 176
90 177
90 178
90 179
91 92
91 93
91 94
91 95
91 96
91 97
91 98
91 99
91 100
91 102
91 103
91 106
91 158
91 159
91 160
91 161
91 175
91 176
91 177
91 178
91 179
91 180
91 181
92 93
92 94
92 95
92 96
92 97
92 98
92 99
92 100
92 102
92 159
92 176
92 177
92 178
92 179
92 180
92 181
93 94
93 95
93 96
93 97
93 98
93 177
93 178
93 179
93 180
93 181
93 182
94 95
94 96
94 97
94 98
94 99
94 127
94 177
94 178
94 179
94 180
94 181
94 182
95 96
95 97
95 98
95 99
95 100
95 123
95 124
95 127
95 129
95 159
95 161
95 177
95 178
95 179
95 180
95 181
95 182
95 185
96 97
96 98
96 99
96 100
96 101
96 102
96 103
96 124
96 127
96 129
96 178
96 179
96 180
96 181
97 98
97 99
97 100
97 101
97 102
97 103
97 104
97 105
97 106
97 124
97 127
97 129
97 158
97 159
97 160
97 177
97 178
97 179
98 99
98 100
98 101
98 102
98 103
98 104
98 105
98 106
98 120
98 123
98 124
98 125
98 126
98 127
98 128
98 129
98 130
98 132
98 133
98 138
98 139
98 158
98 159
98 160
98 161
98 178
98 179
98 181
99 100
99 101
99 102
99 103
99 104
99 124
99 127
99 128
99 129
99 130
99 131
99 132
99 133
99 138
100 101
100 102
100 103
100 104
100 105
100 129
100 132
100 133
100 138
101 102
101 103
101 104
101 105
101 106
101 132
101 133
101 136
101 138
101 158
101 159
102 103
102 104
102 105
102 106
102 138
102 158
102 159
103 104
103 105
103 106
103 107
103 133
103 138
103 139
103 155
103 156
103 157
103 158
103 159
103 160
104 105
104 106
104 107
104 133
104 136
104 137
104 138
104 139
104 140
104 152
104 155
104 156
104 157
104 158
104 159
104 160
105 106
105 107
105 108
105 133
105 134
105 136
105 137
105 138
105 139
105 140
105 141
105 142
105 148
105 151
105 152
105 155
105 156
105 157
105 158
105 159
105 160
105 161
106 107
106 108
106 109
106 117
106 120
106 121
106 124
106 130
106 133
106 134
106 136
106 137
106 138
106 139
106 140
106 141
106 142
106 148
106 149
106 151
106 152
106 153
106 155
106 156
106 157
106 158
106 159
106 160
106 161
106 162
107 108
107 109
107 110
107 111
107 116
107 117
107 120
107 121
107 133
107 134
107 137
107 138
107 139
107 140
107 141
107 142
107 143
107 144
107 145
107 146
107 147
107 148
107 149
107 150
107 151
107 152
107 153
107 154
107 155
107 156
107 157
107 158
107 159
107 160
107 161
107 162
108 109
108 110
108 111
108 112
108 113
108 114
108 115
108 116
108 117
108 118
108 119
108 120
108 121
108 122
108 123
108 124
108 130
108 133
108 134
108 138
108 139
108 140
108 141
108 142
108 143
108 144
108 145
108 146
108 147
108 148
108 149
108 150
108 151
108 152
108 157
108 158
108 159
108 160
108 161
108 162
108 163
109 110
109 111
109 112
109 113
109 114
109 115
109 116
109 117
109 118
109 119
109 120
109 121
109 122
109 139
109 140
109 141
109 142
109 143
109 144
109 145
109 146
109 147
109 148
109 149
109 150
109 151
109 152
109 160
109 161
109 162
109 163
110 111
110 112
110 113
110 114
110 115
110 116
110 117
110 118
110 119
110 120
110 121
110 122
110 139
110 140
110 141
110 142
110 143
110 144
110 145
110 146
110 147
110 148
110 161
111 112
111 113
111 114
111 115
111 116
111 117
111 118
111 119
111 120
111 121
111 122
111 123
111 124
111 139
111 140
111 141
111 142
111 143
111 144
111 145
111 148
111 161
112 113
112 114
112 115
112 116
112 117
112 118
112 119
112 120
112 121
112 141
112 142
112 143
112 144
113 114
113 115
113 116
113 117
113 118
113 119
113 141
113 142
113 143
113 144
113 145
114 115
114 116
114 117
114 118
114 119
114 120
114 121
114 141
114 142
114 143
114 144
114 145
114 146
114 147
114 148
114 161
114 162
114 163
114 189
114 191
115 116
115 117
115 118
115 119
115 120
115 121
115 122
115 142
115 143
115 144
115 145
115 146
115 161
115 162
115 163
115 186
115 187
115 188
115 189
115 190
115 191
115 192
116 117
116 118
116 119
116 120
116 121
116 122
116 123
116 141
116 142
116 143
116 144
116 145
116 146
116 147
116 148
116 149
116 160
116 161
116 162
116 163
116 164
116 165
116 166
116 186
116 187
116 188
116 189
116 190
116 191
117 118
117 119
117 120
117 121
117 122
117 123
117 124
117 139
117 140
117 141
117 142
117 143
117 144
117 145
117 146
117 147
117 148
117 149
117 160
117 161
117 162
117 163
117 186
117 187
117 189
118 119
118 120
118 121
118 122
118 123
118 124
118 125
118 130
118 141
118 142
118 143
118 144
118 145
118 161
118 162
118 185
118 186
118 187
118 188
118 189
119 120
119 121
119 122
119 123
119 124
119 125
119 126
119 145
119 160
119 161
119 162
119 163
119 180
119 181
119 182
119 183
119 184
119 185
119 186
119 187
119 188
119 189
119 190
120 121
120 122
120 123
120 124
120 125
120 126
120 127
120 129
120 130
120 139
120 141
120 142
120 145
120 148
120 159
120 160
120 161
120 162
120 163
120 179
120 180
120 181
120 182
120 183
120 185
120 186
120 187
120 188
120 189
121 122
121 123
121 124
121 125
121 126
121 127
121 128
121 129
121 130
121 131
121 133
121 134
121 139
121 140
121 141
121 160
121 161
121 162
121 181
121 185
121 186
121 187
122 123
122 124
122 125
122 126
122 127
122 128
122 129
122 130
122 131
122 161
122 181
122 182
122 183
122 184
122 185
122 186
122 187
122 188
122 189
123 124
123 125
123 126
123 127
123 128
123 129
123 130
123 161
123 179
123 180
123 181
123 182
123 183
123 184
123 185
123 186
123 187
123 188
124 125
124 126
124 127
124 128
124 129
124 130
124 131
124 132
124 133
124 134
124 139
124 161
124 181
124 185
124 186
125 126
125 127
125 128
125 129
125 130
125 131
125 132
125 133
125 134
125 184
125 185
125 186
125 187
126 127
126 128
126 129
126 130
126 131
126 181
126 182
126 183
126 184
126 185
126 186
126 187
127 128
127 129
127 130
127 131
127 132
127 133
127 181
127 182
127 184
127 185
127 186
128 129
128 130
128 131
128 132
128 133
128 134
128 185
129 130
129 131
129 132
129 133
129 134
129 135
129 136
129 138
129 139
130 131
130 132
130 133
130 134
130 135
130 136
130 137
130 138
130 139
131 132
131 133
131 134
131 135
131 136
131 137
131 138
131 139
132 133
132 134
132 135
132 136
132 137
132 138
132 139
133 134
133 135
133 136
133 137
133 138
133 139
133 140
134 135
134 136
134 137
134 138
134 139
134 140
134 141
135 136
135 137
135 138
135 139
135 140
136 137
136 138
136 139
136 140
137 138
137 139
137 140
137 141
138 139
138 140
138 141
138 157
138 158
138 159
138 160
139 140
139 141
139 142
139 148
139 157
139 158
139 159
139 160
139 161
140 141
140 142
140 143
140 144
140 147
140 148
140 151
140 152
140 156
140 157
140 158
140 159
140 160
140 161
141 142
141 143
141 144
141 145
141 147
141 148
141 149
141 151
141 157
141 160
141 161
142 143
142 144
142 145
142 146
142 147
142 148
142 149
142 150
142 151
142 152
142 156
142 157
142 160
142 161
142 162
143 144
143 145
143 146
143 147
143 148
143 149
143 150
143 151
144 145
144 146
144 147
144 148
144 149
144 150
144 151
144 160
144 161
144 162
144 163
145 146
145 147
145 148
145 149
145 150
145 151
145 152
145 153
145 160
145 161
145 162
145 163
145 164
145 165
145 166
145 167
146 147
146 148
146 149
146 150
146 151
146 152
146 153
146 160
146 161
146 162
146 163
146 164
146 165
146 166
146 167
147 148
147 149
147 150
147 151
147 152
147 153
147 154
147 156
147 157
147 160
147 161
147 162
147 163
147 166
148 149
148 150
148 151
148 152
148 153
148 154
148 155
148 156
148 157
148 158
148 159
148 160
148 161
148 162
148 163
148 166
148 167
149 150
149 151
149 152
149 153
149 154
149 155
149 156
149 157
149 158
149 159
149 160
149 161
149 162
149 163
149 164
149 165
149 166
149 167
150 151
150 152
150 153
150 154
150 155
150 156
150 157
150 158
150 159
150 160
150 161
150 162
150 163
150 166
150 167
151 152
151 153
151 154
151 155
151 156
151 157
151 158
151 159
151 160
151 161
151 162
152 153
152 154
152 155
152 156
152 157
152 158
152 159
152 160
152 161
152 162
152 163
152 166
152 167
152 175
152 176
152 177
152 178
153 154
153 155
153 156
153 157
153 158
153 159
153 160
153 161
153 162
153 166
153 167
153 174
153 175
153 176
153 177
154 155
154 156
154 157
154 158
154 159
154 160
154 176
155 156
155 157
155 158
155 159
155 160
155 176
156 157
156 158
156 159
156 160
157 158
157 159
157 160
157 161
157 162
158 159
158 160
158 161
158 176
158 177
158 178
159 160
159 161
159 162
159 176
159 177
159 178
159 179
160 161
160 162
160 163
160 164
160 166
160 167
160 176
160 177
160 178
160 179
160 180
161 162
161 163
161 164
161 166
161 167
161 178
161 179
161 180
161 181
162 163
162 164
162 165
162 166
162 167
162 168
162 178
162 179
162 180
162 181
162 189
163 164
163 165
163 166
163 167
163 168
163 174
163 178
163 179
163 180
163 181
163 189
163 224
163 225
163 226
164 165
164 166
164 167
164 168
164 169
164 172
164 173
164 174
164 175
164 178
164 179
164 180
164 181
164 189
164 221
164 222
164 223
164 224
164 225
164 226
164 227
165 166
165 167
165 168
165 169
165 170
165 172
165 173
165 174
165 220
165 221
165 222
165 223
165 224
165 225
165 226
165 227
166 167
166 168
166 169
166 170
166 172
166 173
166 174
166 175
166 223
166 224
166 225
166 226
167 168
167 169
167 170
167 171
167 172
167 173
167 174
167 175
167 176
167 177
167 178
167 223
167 224
167 225
168 169
168 170
168 171
168 172
168 173
168 174
168 175
168 176
168 177
168 178
168 221
168 222
168 223
168 224
168 225
168 226
169 170
169 171
169 172
169 173
169 174
169 175
169 176
169 223
169 224
169 225
170 171
170 172
170 173
170 174
170 175
170 220
170 222
170 223
170 224
170 225
171 172
171 173
171 174
171 175
171 223
171 224
171 225
172 173
172 174
172 175
172 222
172 223
172 224
172 225
173 174
173 175
173 176
173 177
173 178
173 223
173 224
173 225
174 175
174 176
174 177
174 178
174 179
174 180
174 224
174 225
175 176
175 177
175 178
175 179
176 177
176 178
176 179
177 178
177 179
177 180
178 179
178 180
178 181
179 180
179 181
179 182
180 181
180 182
180 183
180 184
180 185
180 186
180 225
181 182
181 183
181 184
181 185
181 186
181 187
181 188
182 183
182 184
182 185
182 186
182 187
182 188
183 184
183 185
183 186
183 187
183 188
183 189
184 185
184 186
184 187
184 188
184 189
185 186
185 187
185 188
185 189
186 187
186 188
186 189
186 190
187 188
187 189
187 190
187 191
188 189
188 190
188 191
188 226
188 227
188 228
188 229
189 190
189 191
189 192
189 226
189 227
189 228
189 229
190 191
190 192
190 193
190 226
190 227
190 228
190 229
191 192
191 193
191 194
191 221
191 226
191 227
191 228
191 229
192 193
192 194
192 195
192 209
192 212
192 228
192 229
193 194
193 195
193 196
193 205
193 206
193 208
193 209
193 210
193 212
193 213
194 195
194 196
194 197
194 198
194 199
194 202
194 205
194 206
194 208
194 209
194 210
194 212
195 196
195 197
195 198
195 199
195 200
195 201
195 202
195 203
195 204
195 205
195 206
195 207
195 208
195 209
195 210
196 197
196 198
196 199
196 200
196 201
196 202
196 205
196 206
196 209
197 198
197 199
197 200
197 201
197 202
197 203
197 205
197 206
198 199
198 200
198 201
198 202
198 205
199 200
199 201
199 202
199 203
199 204
199 205
199 206
200 201
200 202
200 203
200 204
200 205
200 206
201 202
201 203
201 204
201 205
201 206
201 207
201 208
202 203
202 204
202 205
202 206
202 207
202 208
202 209
203 204
203 205
203 206
203 207
203 208
203 209
203 210
204 205
204 206
204 207
204 208
204 209
204 210
204 211
205 206
205 207
205 208
205 209
205 210
205 211
205 212
206 207
206 208
206 209
206 210
206 211
206 212
206 213
207 208
207 209
207 210
207 211
207 212
207 213
207 214
208 209
208 210
208 211
208 212
208 213
208 214
208 217
209 210
209 211
209 212
209 213
209 214
209 217
209 218
210 211
210 212
210 213
210 214
210 215
210 216
210 217
210 218
211 212
211 213
211 214
211 215
211 216
211 217
211 218
211 219
211 220
212 213
212 214
212 215
212 216
212 217
212 218
212 219
212 220
212 221
212 228
213 214
213 215
213 216
213 217
213 218
213 219
213 220
213 221
213 222
213 228
213 229
214 215
214 216
214 217
214 218
214 219
214 220
214 221
214 228
215 216
215 217
215 218
215 219
215 220
215 221
215 222
215 228
216 217
216 218
216 219
216 220
216 221
216 222
216 223
217 218
217 219
217 220
217 221
217 222
217 223
217 224
217 226
217 228
218 219
218 220
218 221
218 222
218 223
218 224
218 225
218 226
218 227
218 228
218 229
219 220
219 221
219 222
219 223
219 224
219 225
219 226
219 227
219 228
220 221
220 222
220 223
220 224
220 225
220 226
220 227
220 228
221 222
221 223
221 224
221 225
221 226
221 227
221 228
222 223
222 224
222 225
222 226
222 227
222 228
222 229
223 224
223 225
223 226
223 227
223 228
224 225
224 226
224 227
224 228
225 226
225 227
225 228
226 227
226 228
226 229
227 228
227 229
227 230
228 229
228 230
229 230