412
0 1
0 2
0 3
1 2
1 3
1 4
2 3
2 4
2 5
3 4
3 5
3 6
3 7
3 8
3 9
4 5
4 6
4 7
4 8
4 9
4 10
4 11
5 6
5 7
5 8
5 9
5 10
5 11
5 143
6 7
6 8
6 9
6 10
6 11
6 142
6 143
6 144
6 145
7 8
7 9
7 10
7 11
7 12
7 123
7 139
7 140
7 141
7 142
7 143
7 144
7 145
7 146
8 9
8 10
8 11
8 12
8 13
8 139
8 140
8 142
8 143
8 144
8 145
9 10
9 11
9 12
9 13
9 139
9 142
9 143
9 144
9 145
10 11
10 12
10 13
10 138
10 139
10 140
10 141
10 142
10 143
10 144
10 145
10 146
11 12
11 13
11 14
11 16
11 17
11 135
11 136
11 137
11 138
11 139
11 140
11 141
11 142
11 143
11 144
11 145
12 13
12 14
12 15
12 16
12 17
12 18
12 135
12 136
12 137
12 138
12 139
12 140
12 141
12 142
12 143
12 144
12 377
13 14
13 15
13 16
13 17
13 18
13 19
13 20
13 110
13 134
13 135
13 136
13 137
13 138
13 139
13 140
13 141
13 142
13 143
13 377
13 378
14 15
14 16
14 17
14 18
14 19
14 20
14 21
14 133
14 134
14 135
14 136
14 137
14 138
14 139
14 373
14 374
14 375
14 376
14 377
14 378
14 379
15 16
15 17
15 18
15 19
15 20
15 21
15 22
15 35
15 36
15 37
15 134
15 135
15 136
15 138
15 139
15 185
15 372
15 373
15 374
15 375
15 376
15 377
15 378
15 379
15 385
16 17
16 18
16 19
16 20
16 21
16 22
16 35
16 36
16 37
16 135
16 136
16 139
16 373
16 377
17 18
17 19
17 20
17 21
17 22
17 23
17 135
17 373
17 374
17 377
18 19
18 20
18 21
18 22
18 23
18 35
18 36
18 358
18 359
18 361
18 362
18 365
18 371
18 372
18 373
18 374
18 375
18 376
18 377
18 378
19 20
19 21
19 22
19 23
19 24
19 33
19 34
19 35
19 36
19 358
19 361
19 362
19 365
19 371
19 372
19 373
19 374
19 377
20 21
20 22
20 23
20 24
21 22
21 23
21 24
21 362
22 23
22 24
22 25
22 35
22 358
22 359
22 361
22 362
22 363
22 364
22 365
22 366
22 369
22 370
22 371
22 372
22 373
22 374
23 24
23 25
23 26
23 27
23 361
23 362
23 363
23 364
23 365
23 366
23 367
23 369
23 371
24 25
24 26
24 27
24 28
24 29
24 30
24 31
24 362
24 363
24 364
24 365
24 366
24 367
24 368
24 369
24 370
24 371
25 26
25 27
25 28
25 29
25 30
25 31
25 32
25 361
25 362
25 363
25 364
25 365
25 366
25 367
25 368
25 369
25 370
25 371
26 27
26 28
26 29
26 30
26 31
26 363
26 364
26 365
26 366
26 367
26 368
26 369
26 370
27 28
27 29
27 30
27 31
27 32
27 363
27 364
27 365
27 366
27 367
27 368
27 369
27 370
27 401
28 29
28 30
28 31
28 32
28 365
28 366
28 367
28 368
28 369
28 370
29 30
29 31
29 32
29 33
29 365
29 366
29 367
29 368
29 369
29 370
29 397
29 398
29 401
30 31
30 32
30 33
30 365
30 367
30 368
30 369
30 370
30 371
30 394
30 397
30 398
30 401
31 32
31 33
31 34
31 35
31 364
31 365
31 366
31 367
31 368
31 369
31 370
31 371
31 372
31 394
31 397
31 398
31 401
32 33
32 34
32 35
32 36
32 41
32 42
32 364
32 365
32 366
32 368
32 369
32 370
32 371
32 372
32 386
32 387
32 390
32 391
32 393
32 394
32 395
32 396
32 397
32 398
32 399
32 400
32 401
32 402
33 34
33 35
33 36
33 37
33 38
33 41
33 42
33 361
33 364
33 365
33 368
33 369
33 370
33 371
33 372
33 373
33 385
33 386
33 387
33 388
33 389
33 390
33 394
33 395
33 397
33 398
34 35
34 36
34 37
34 38
34 39
34 41
34 42
34 321
34 340
34 341
34 342
34 343
34 361
34 364
34 365
34 369
34 370
34 371
34 372
34 373
34 374
34 384
34 385
34 386
34 387
34 388
34 389
34 390
34 391
34 394
34 395
34 397
34 398
34 399
34 402
35 36
35 37
35 38
35 39
35 41
35 185
35 340
35 341
35 342
35 343
35 361
35 365
35 370
35 371
35 372
35 373
35 374
35 375
35 377
35 384
35 385
35 386
35 387
35 388
35 389
35 390
36 37
36 38
36 39
36 40
36 41
36 42
36 185
36 340
36 341
36 370
36 371
36 372
36 373
36 385
36 386
36 387
36 388
36 389
36 390
37 38
37 39
37 40
37 41
37 134
37 184
37 185
37 248
37 249
37 252
37 254
37 339
37 340
37 341
37 342
37 372
37 373
37 385
37 386
37 387
37 388
37 389
37 390
38 39
38 40
38 41
38 42
38 43
38 44
38 45
38 248
38 249
38 250
38 251
38 252
38 253
38 254
38 255
38 339
38 340
38 341
38 386
38 387
38 388
38 389
38 390
39 40
39 41
39 42
39 43
39 44
39 45
39 46
39 47
39 247
39 248
39 249
39 250
39 251
39 252
39 253
39 254
39 255
39 310
39 311
39 313
39 314
39 339
39 340
39 341
39 387
39 388
39 389
39 390
39 391
40 41
40 42
40 43
40 44
40 45
40 46
40 47
40 248
40 249
40 250
40 251
40 252
40 253
40 254
40 255
40 310
40 340
40 389
40 390
40 391
41 42
41 43
41 44
41 45
41 46
41 252
41 253
41 254
41 255
41 387
41 388
41 389
41 390
41 391
41 394
42 43
42 44
42 45
42 46
42 252
42 388
42 389
42 390
42 391
42 392
42 393
42 394
43 44
43 45
43 46
43 47
43 252
43 253
43 310
43 389
43 390
43 391
44 45
44 46
44 47
44 252
44 309
44 310
44 311
44 312
44 313
44 314
44 317
44 388
44 389
44 390
44 391
44 392
44 393
44 394
45 46
45 47
45 48
45 249
45 250
45 251
45 252
45 253
45 306
45 307
45 308
45 309
45 310
45 311
45 312
45 313
45 314
45 317
45 340
45 388
45 389
45 390
45 391
46 47
46 48
46 49
46 50
46 51
46 52
46 248
46 249
46 250
46 251
46 252
46 253
46 254
46 306
46 307
46 309
46 310
46 311
46 313
46 389
47 48
47 49
47 50
47 51
47 52
47 53
47 55
47 247
47 248
47 249
47 250
47 251
47 252
47 253
47 254
47 256
47 298
47 299
47 302
47 303
47 306
47 307
47 309
47 310
48 49
48 50
48 51
48 52
48 53
48 54
48 55
48 247
48 250
48 251
48 252
48 253
48 294
48 295
48 297
48 298
48 299
48 300
48 301
48 302
48 303
48 304
48 305
48 306
48 307
48 308
48 309
48 310
49 50
49 51
49 52
49 53
49 54
49 55
49 56
49 251
49 294
49 297
49 298
49 299
49 301
49 302
49 303
49 306
49 307
50 51
50 52
50 53
50 54
50 55
50 56
50 57
50 251
50 294
50 295
50 296
50 297
50 298
50 299
50 300
50 301
50 302
50 303
50 304
50 306
51 52
51 53
51 54
51 55
51 56
51 57
51 58
51 247
51 251
51 252
51 253
51 256
51 290
51 291
51 292
51 293
51 294
51 295
51 296
51 297
51 298
51 299
51 300
51 301
51 302
51 303
51 306
52 53
52 54
52 55
52 56
52 57
52 58
52 59
52 251
52 252
52 253
52 256
52 290
52 291
52 293
52 294
52 295
52 297
52 298
52 299
52 301
52 302
53 54
53 55
53 56
53 57
53 58
53 59
53 60
53 291
53 293
53 294
53 295
53 296
53 297
53 298
53 301
53 302
54 55
54 56
54 57
54 58
54 59
54 60
54 61
54 64
54 290
54 291
54 292
54 293
54 294
54 295
54 296
54 297
54 298
54 299
54 300
54 301
54 302
55 56
55 57
55 58
55 59
55 60
55 61
55 62
55 64
55 65
55 256
55 288
55 289
55 290
55 291
55 292
55 293
55 294
55 295
55 296
55 297
55 298
56 57
56 58
56 59
56 60
56 61
56 62
56 64
56 290
56 291
56 293
56 294
56 297
57 58
57 59
57 60
57 61
57 62
57 63
57 64
57 290
57 291
57 293
57 294
57 297
58 59
58 60
58 61
58 62
58 63
58 64
58 65
58 66
58 288
58 289
58 290
58 291
58 292
58 293
58 294
58 295
58 296
58 297
59 60
59 61
59 62
59 63
59 64
59 65
59 66
59 288
59 289
59 290
59 291
59 292
59 293
59 294
60 61
60 62
60 63
60 64
60 65
60 290
60 293
61 62
61 63
61 64
61 65
61 66
61 290
61 293
62 63
62 64
62 65
62 66
62 289
62 290
62 293
63 64
63 65
63 66
63 67
63 68
63 289
63 290
63 293
64 65
64 66
64 67
64 68
64 73
64 75
64 288
64 289
64 290
64 291
64 292
64 293
64 294
65 66
65 67
65 68
65 287
65 288
65 289
65 290
65 291
65 292
65 293
66 67
66 68
66 69
66 70
66 73
66 288
66 289
66 290
66 292
66 293
67 68
67 69
67 70
67 71
67 72
67 73
67 285
67 286
67 287
67 288
67 289
67 290
67 292
68 69
68 70
68 71
68 72
68 73
68 74
68 75
68 76
68 77
68 105
68 285
68 286
68 287
68 288
68 289
68 290
68 291
68 292
68 293
69 70
69 71
69 72
69 73
69 74
69 75
69 76
69 77
69 104
69 105
69 106
69 278
69 281
69 282
69 284
69 285
69 286
69 287
69 288
69 289
69 292
70 71
70 72
70 73
70 74
70 77
70 103
70 104
70 105
70 106
70 107
70 277
70 278
70 279
70 280
70 281
70 282
70 283
70 284
70 285
70 286
70 287
70 288
70 289
70 292
71 72
71 73
71 74
71 75
71 76
71 77
71 100
71 101
71 102
71 103
71 104
71 105
71 106
71 107
71 112
71 115
71 259
71 260
71 261
71 262
71 274
71 275
71 276
71 277
71 278
71 279
71 280
71 281
71 282
71 283
71 284
71 285
71 286
71 287
71 288
71 289
71 292
72 73
72 74
72 75
72 76
72 77
72 78
72 79
72 80
72 100
72 101
72 102
72 103
72 104
72 105
72 106
72 107
72 258
72 259
72 260
72 261
72 278
72 281
72 282
72 285
72 286
72 287
72 288
72 289
72 290
72 291
72 292
72 293
72 295
73 74
73 75
73 76
73 77
73 78
73 79
73 80
73 100
73 101
73 103
73 104
73 105
73 106
73 260
73 286
73 287
73 288
73 289
73 290
73 291
73 292
73 293
73 294
73 295
73 296
74 75
74 76
74 77
74 78
74 79
74 80
74 81
74 99
74 100
74 101
74 102
74 103
74 104
74 105
74 289
74 292
74 293
74 295
74 296
75 76
75 77
75 78
75 79
75 80
75 81
75 82
75 100
75 101
75 103
75 105
75 289
75 291
75 292
75 293
75 294
75 295
75 296
75 297
75 299
75 300
76 77
76 78
76 79
76 80
76 81
76 82
76 83
76 99
76 100
76 101
76 103
76 104
76 105
76 106
76 246
76 258
76 259
76 260
76 286
76 287
76 288
76 289
76 290
76 291
76 292
76 293
76 294
76 295
76 296
76 297
76 298
76 299
76 300
77 78
77 79
77 80
77 81
77 82
77 83
77 84
77 98
77 99
77 100
77 101
77 102
77 103
77 104
77 105
77 106
77 245
77 246
77 258
77 259
77 260
77 261
77 262
77 263
77 292
77 293
77 294
77 295
77 296
77 299
78 79
78 80
78 81
78 82
78 83
78 84
78 85
78 98
78 99
78 100
78 101
78 102
78 103
78 104
78 105
78 260
78 262
78 292
78 293
78 295
78 296
78 297
78 299
78 300
79 80
79 81
79 82
79 83
79 84
79 85
79 86
79 87
79 98
79 99
79 100
79 101
79 103
79 104
79 105
79 246
79 260
79 262
79 292
79 293
79 294
79 295
79 296
79 297
79 298
79 299
79 300
79 301
80 81
80 82
80 83
80 84
80 85
80 86
80 87
80 88
80 98
80 99
80 100
80 101
80 102
80 103
80 104
80 105
80 243
80 244
80 245
80 246
80 247
80 258
80 259
80 260
80 261
80 262
80 263
80 292
80 294
80 295
80 296
80 297
80 298
80 299
80 300
81 82
81 83
81 84
81 85
81 86
81 87
81 88
81 89
81 95
81 96
81 97
81 98
81 99
81 100
81 101
81 102
81 103
81 104
81 105
81 233
81 243
81 245
81 246
81 260
81 261
81 262
81 263
81 264
81 295
81 296
81 299
81 300
82 83
82 84
82 85
82 86
82 87
82 88
82 89
82 95
82 96
82 97
82 98
82 99
82 100
82 101
82 103
82 262
82 295
82 296
82 297
82 299
82 300
82 301
83 84
83 85
83 86
83 87
83 88
83 89
83 95
83 98
83 99
83 100
83 103
83 216
83 217
83 245
83 246
83 247
83 262
83 295
83 296
83 297
83 298
83 299
83 300
83 301
83 302
83 304
84 85
84 86
84 87
84 88
84 89
84 90
84 94
84 95
84 96
84 97
84 98
84 99
84 100
84 103
84 213
84 214
84 216
84 217
84 229
84 230
84 231
84 232
84 233
84 234
84 243
84 244
84 245
84 246
84 260
84 261
84 262
84 263
84 264
84 299
84 300
85 86
85 87
85 88
85 89
85 90
85 91
85 92
85 93
85 94
85 95
85 96
85 97
85 98
85 99
85 100
85 231
85 233
85 234
85 262
85 264
85 299
85 300
86 87
86 88
86 89
86 90
86 91
86 92
86 94
86 95
86 96
86 98
86 99
86 233
86 234
86 299
86 300
86 304
87 88
87 89
87 90
87 91
87 92
87 95
87 98
87 216
87 217
87 218
87 228
87 229
87 230
87 231
87 233
87 234
87 299
87 300
87 304
88 89
88 90
88 91
88 92
88 94
88 95
88 98
88 213
88 216
88 217
88 218
88 228
88 229
88 230
88 231
88 232
88 233
88 234
88 235
88 245
89 90
89 91
89 92
89 93
89 94
89 95
89 96
89 97
89 98
89 216
89 217
89 229
89 230
89 231
89 232
89 233
89 234
89 235
89 236
89 264
90 91
90 92
90 93
90 94
90 95
90 96
90 98
90 228
90 229
90 230
90 231
90 232
90 233
90 234
90 235
90 236
91 92
91 93
91 94
91 95
91 96
91 97
91 98
91 230
91 231
91 233
91 234
91 235
91 236
92 93
92 94
92 95
92 96
92 97
92 98
92 234
92 235
92 236
93 94
93 95
93 96
93 97
93 98
93 233
93 234
93 235
93 236
93 266
94 95
94 96
94 97
94 98
94 99
94 232
94 233
94 234
94 235
94 236
94 237
94 264
94 265
94 266
94 267
95 96
95 97
95 98
95 99
95 233
95 234
95 235
95 236
95 264
95 266
96 97
96 98
96 99
96 100
96 102
96 233
96 234
96 236
96 264
96 265
96 266
97 98
97 99
97 100
97 101
97 102
97 103
97 233
97 234
97 235
97 236
97 237
97 240
97 241
97 262
97 263
97 264
97 265
97 266
97 267
97 268
98 99
98 100
98 101
98 102
98 103
98 232
98 233
98 234
98 235
98 241
98 242
98 243
98 261
98 262
98 263
98 264
98 265
98 266
99 100
99 101
99 102
99 103
99 104
99 233
99 261
99 262
99 263
99 264
99 265
99 266
100 101
100 102
100 103
100 104
100 105
100 260
100 261
100 262
100 263
100 264
101 102
101 103
101 104
101 105
101 261
101 262
101 263
101 264
101 265
101 274
101 275
101 278
102 103
102 104
102 105
102 240
102 241
102 242
102 243
102 260
102 261
102 262
102 263
102 264
102 265
102 266
102 268
102 271
102 272
102 273
102 274
102 275
102 276
102 277
102 278
103 104
103 105
103 106
103 112
103 241
103 242
103 243
103 244
103 245
103 246
103 259
103 260
103 261
103 262
103 263
103 264
103 265
103 274
103 275
103 277
103 278
103 281
104 105
104 106
104 107
104 108
104 111
104 112
104 115
104 116
104 242
104 243
104 244
104 245
104 246
104 258
104 259
104 260
104 261
104 262
104 263
104 264
104 273
104 274
104 275
104 276
104 277
104 278
104 279
104 280
104 281
104 282
104 285
104 286
104 287
104 292
105 106
105 107
105 108
105 109
105 111
105 112
105 113
105 115
105 116
105 243
105 244
105 245
105 246
105 247
105 257
105 258
105 259
105 260
105 261
105 262
105 263
105 277
105 278
105 280
105 281
105 282
105 284
105 285
105 286
105 287
105 288
105 289
105 291
105 292
105 295
106 107
106 108
106 109
106 110
106 111
106 112
106 113
106 114
106 115
106 116
106 244
106 245
106 246
106 247
106 248
106 256
106 257
106 258
106 259
106 260
106 261
106 262
106 277
106 278
106 280
106 281
106 282
106 283
106 284
106 285
106 286
106 287
106 288
106 289
106 291
106 292
107 108
107 109
107 110
107 111
107 112
107 113
107 114
107 115
107 244
107 245
107 246
107 247
107 248
107 254
107 255
107 256
107 257
107 258
107 259
107 260
107 261
107 281
107 283
107 284
107 285
107 286
107 287
107 288
107 289
107 291
107 292
108 109
108 110
108 111
108 112
108 113
108 114
108 115
108 214
108 244
108 245
108 246
108 247
108 248
108 249
108 253
108 254
108 255
108 256
108 257
108 258
108 259
108 260
108 261
108 286
108 287
108 288
108 291
108 292
109 110
109 111
109 112
109 113
109 114
109 115
109 116
109 134
109 136
109 137
109 211
109 212
109 213
109 214
109 215
109 243
109 244
109 245
109 246
109 247
109 248
109 249
109 253
109 254
109 255
109 256
109 257
109 258
109 259
109 260
109 261
109 287
110 111
110 112
110 113
110 114
110 115
110 116
110 117
110 134
110 135
110 136
110 137
110 138
110 139
110 140
110 212
110 214
110 244
110 245
110 246
110 248
110 254
110 255
110 257
110 258
110 259
110 260
110 261
111 112
111 113
111 114
111 115
111 116
111 117
111 118
111 119
111 136
111 137
111 139
111 140
111 244
111 245
111 246
111 257
111 258
111 259
111 260
111 261
111 277
111 280
111 281
111 283
111 284
111 285
111 286
111 287
112 113
112 114
112 115
112 116
112 117
112 118
112 119
112 136
112 137
112 140
112 210
112 211
112 212
112 213
112 214
112 242
112 243
112 244
112 245
112 246
112 257
112 258
112 259
112 260
112 261
112 262
112 263
112 277
112 278
112 280
112 281
112 284
112 286
112 287
113 114
113 115
113 116
113 117
113 118
113 119
113 120
113 134
113 135
113 136
113 137
113 138
113 139
113 140
113 141
113 178
113 179
113 180
113 210
113 211
113 212
113 213
113 214
113 242
113 243
113 244
113 245
113 246
113 259
113 260
113 261
113 277
113 280
113 281
114 115
114 116
114 117
114 118
114 119
114 120
114 121
114 136
114 137
114 138
114 139
114 140
114 141
114 142
114 143
114 144
114 146
114 210
114 212
114 244
114 260
114 261
114 276
114 277
114 280
114 281
114 283
114 284
115 116
115 117
115 118
115 119
115 120
115 121
115 136
115 137
115 140
115 141
115 144
115 210
115 242
115 243
115 244
115 259
115 260
115 261
115 273
115 274
115 275
115 276
115 277
115 278
115 279
115 280
115 281
115 282
115 283
115 284
115 285
115 286
116 117
116 118
116 119
116 120
116 121
116 122
116 127
116 136
116 137
116 140
116 141
116 175
116 176
116 177
116 178
116 208
116 209
116 210
116 211
116 212
116 241
116 242
116 243
116 244
116 260
116 261
116 262
116 263
116 272
116 273
116 274
116 275
116 276
116 277
116 278
116 279
116 280
116 281
117 118
117 119
117 120
117 121
117 122
117 123
117 125
117 126
117 127
117 128
117 129
117 136
117 137
117 138
117 139
117 140
117 141
117 142
117 143
117 144
117 145
117 146
117 147
117 148
117 174
117 175
117 176
117 177
117 178
117 208
117 209
117 210
117 211
117 212
117 242
117 243
117 244
117 261
117 273
117 274
117 276
117 277
117 280
118 119
118 120
118 121
118 122
118 123
118 124
118 125
118 126
118 127
118 137
118 139
118 140
118 141
118 142
118 143
118 144
118 145
118 146
118 175
118 176
118 210
118 273
118 274
118 275
118 276
118 277
118 278
118 279
118 280
118 281
118 283
119 120
119 121
119 122
119 123
119 125
119 140
119 141
119 144
119 146
119 175
119 176
119 208
119 210
119 242
119 261
119 270
119 271
119 272
119 273
119 274
119 275
119 276
119 277
119 278
119 279
119 280
119 281
119 282
119 283
120 121
120 122
120 123
120 124
120 125
120 126
120 127
120 141
120 144
120 146
120 173
120 174
120 175
120 176
120 177
120 207
120 208
120 209
120 210
120 242
120 270
120 271
120 272
120 273
120 274
120 275
120 276
120 277
120 278
120 279
120 280
121 122
121 123
121 124
121 125
121 126
121 127
121 128
121 140
121 141
121 142
121 144
121 145
121 146
121 147
121 148
121 173
121 174
121 175
121 176
121 177
121 208
121 272
121 273
121 276
121 277
121 280
122 123
122 124
122 125
122 126
122 127
122 140
122 141
122 142
122 143
122 144
122 145
122 146
122 147
122 173
122 174
122 175
122 176
122 276
123 124
123 125
123 126
123 127
123 140
123 141
123 142
123 143
123 144
123 145
123 146
123 147
123 148
123 173
123 174
123 175
124 125
124 126
124 127
124 141
124 142
124 143
124 144
124 145
124 146
124 147
124 148
124 172
124 173
124 174
124 175
125 126
125 127
125 128
125 141
125 142
125 144
125 145
125 146
125 147
125 148
125 149
125 170
125 171
125 172
125 173
125 174
125 175
125 176
125 177
126 127
126 128
126 129
126 137
126 138
126 141
126 142
126 144
126 145
126 146
126 147
126 148
126 149
126 150
126 169
126 170
126 171
126 172
126 173
126 174
126 175
126 176
126 177
126 178
126 207
127 128
127 129
127 130
127 137
127 138
127 140
127 141
127 142
127 144
127 145
127 146
127 147
127 148
127 149
127 150
127 151
127 166
127 169
127 170
127 171
127 172
127 173
127 174
127 175
127 176
127 177
127 178
127 179
127 207
127 208
127 209
127 210
128 129
128 130
128 131
128 133
128 137
128 138
128 141
128 146
128 147
128 148
128 149
128 150
128 151
128 152
128 161
128 162
128 163
128 165
128 166
128 167
128 168
128 169
128 170
128 171
128 173
128 174
128 175
128 176
128 177
128 178
128 179
128 180
128 202
128 205
128 207
128 208
128 209
128 210
128 211
129 130
129 131
129 132
129 133
129 134
129 135
129 136
129 137
129 138
129 139
129 140
129 141
129 146
129 147
129 148
129 149
129 150
129 151
129 152
129 153
129 161
129 162
129 165
129 166
129 169
129 170
129 174
129 175
129 176
129 177
129 178
129 179
129 180
129 209
129 210
129 211
129 212
129 378
129 379
130 131
130 132
130 133
130 134
130 135
130 136
130 137
130 138
130 148
130 149
130 150
130 151
130 152
130 153
130 154
130 159
130 160
130 161
130 162
130 163
130 165
130 166
130 176
130 177
130 178
130 179
130 180
130 181
130 183
130 184
130 185
130 186
130 210
130 211
130 212
130 378
130 379
130 380
131 132
131 133
131 134
131 135
131 137
131 138
131 148
131 149
131 150
131 151
131 152
131 153
131 154
131 155
131 159
131 160
131 161
131 162
131 165
131 166
131 178
131 179
131 180
131 183
131 184
131 185
131 186
131 375
131 376
131 377
131 378
131 379
131 380
131 381
131 383
132 133
132 134
132 135
132 137
132 138
132 150
132 151
132 152
132 153
132 154
132 155
132 159
132 160
132 161
132 162
132 179
132 180
132 183
132 184
132 185
132 186
132 187
132 188
132 343
132 374
132 375
132 376
132 377
132 378
132 379
132 380
132 381
132 382
132 383
132 384
132 385
133 134
133 135
133 136
133 137
133 138
133 139
133 150
133 151
133 152
133 153
133 154
133 159
133 161
133 178
133 179
133 180
133 181
133 182
133 183
133 184
133 185
133 186
133 187
133 188
133 212
133 343
133 375
133 376
133 377
133 378
133 379
133 380
133 385
134 135
134 136
134 137
134 138
134 139
134 140
134 178
134 179
134 180
134 181
134 182
134 183
134 184
134 185
134 186
134 187
134 212
134 213
134 214
134 341
134 375
134 376
134 377
134 378
134 379
134 380
134 385
135 136
135 137
135 138
135 139
135 140
135 141
135 142
135 180
135 183
135 184
135 185
135 375
135 376
135 377
135 378
135 379
135 380
136 137
136 138
136 139
136 140
136 141
136 142
136 143
136 178
136 180
136 184
136 185
136 212
136 377
136 378
137 138
137 139
137 140
137 141
137 142
137 143
137 144
137 146
137 147
137 148
137 149
137 150
137 176
137 177
137 178
137 179
137 180
137 184
137 210
137 211
137 212
137 378
138 139
138 140
138 141
138 142
138 143
138 144
138 145
138 146
138 147
138 148
138 149
138 150
138 178
138 377
138 378
138 379
139 140
139 141
139 142
139 143
139 144
139 145
139 146
139 147
139 148
139 377
139 378
140 141
140 142
140 143
140 144
140 145
140 146
140 147
140 148
141 142
141 143
141 144
141 145
141 146
141 147
141 148
141 149
141 176
141 178
142 143
142 144
142 145
142 146
142 147
142 148
143 144
143 145
143 146
143 147
143 148
144 145
144 146
144 147
144 148
145 146
145 147
145 148
146 147
146 148
146 149
146 173
146 174
146 175
146 176
147 148
147 149
147 150
147 170
147 171
147 173
147 174
147 175
147 176
148 149
148 150
148 151
148 166
148 169
148 170
148 171
148 173
148 174
148 175
148 176
148 177
148 178
149 150
149 151
149 152
149 165
149 166
149 167
149 168
149 169
149 170
149 171
149 173
149 174
149 175
149 176
149 177
149 178
150 151
150 152
150 153
150 161
150 162
150 163
150 165
150 166
150 167
150 168
150 169
150 170
150 174
150 177
150 178
150 179
150 378
150 379
150 380
151 152
151 153
151 154
151 159
151 160
151 161
151 162
151 163
151 164
151 165
151 166
151 167
151 168
151 169
151 170
151 177
151 178
151 179
151 379
151 380
152 153
152 154
152 155
152 156
152 157
152 158
152 159
152 160
152 161
152 162
152 163
152 164
152 165
152 166
152 167
152 169
152 179
152 186
152 378
152 379
152 380
153 154
153 155
153 156
153 157
153 158
153 159
153 160
153 161
153 162
153 163
153 164
153 165
153 166
153 179
153 180
153 181
153 183
153 184
153 185
153 186
153 187
153 188
153 189
153 190
153 194
153 378
153 379
153 380
154 155
154 156
154 157
154 158
154 159
154 160
154 161
154 162
154 163
154 165
154 186
154 188
154 334
154 345
154 380
155 156
155 157
155 158
155 159
155 160
155 161
155 162
155 186
155 187
155 188
155 332
155 333
155 334
155 335
155 336
155 343
155 344
155 345
155 380
155 382
155 383
156 157
156 158
156 159
156 160
156 161
156 162
156 333
156 334
156 335
156 345
157 158
157 159
157 160
157 161
157 162
157 163
157 188
157 189
157 190
157 191
157 194
157 334
157 335
158 159
158 160
158 161
158 162
158 182
158 183
158 186
158 187
158 188
158 189
158 190
158 191
158 194
158 333
158 334
158 335
158 336
158 337
158 343
159 160
159 161
159 162
159 163
159 179
159 180
159 181
159 182
159 183
159 184
159 185
159 186
159 187
159 188
159 189
159 190
159 191
159 194
159 334
159 335
159 336
159 337
159 342
159 343
159 380
160 161
160 162
160 163
160 164
160 165
160 166
160 179
160 180
160 181
160 182
160 183
160 186
160 187
160 188
160 189
160 190
160 191
160 192
160 193
160 194
160 195
160 197
160 198
161 162
161 163
161 164
161 165
161 166
161 167
161 177
161 178
161 179
161 180
161 181
161 183
161 186
161 188
161 189
161 190
161 191
161 193
161 194
161 195
161 197
161 198
161 199
161 201
162 163
162 164
162 165
162 166
162 167
162 168
162 169
162 179
162 194
162 197
162 198
162 201
163 164
163 165
163 166
163 167
163 168
163 169
163 170
163 177
163 179
163 194
163 195
163 196
163 197
163 198
163 199
163 200
163 201
163 202
163 204
163 205
164 165
164 166
164 167
164 168
164 169
164 170
164 197
164 198
164 201
164 202
164 205
165 166
165 167
165 168
165 169
165 170
165 198
165 201
166 167
166 168
166 169
166 170
166 171
166 174
166 176
166 177
166 178
166 179
166 197
166 198
166 201
166 202
166 204
166 205
166 207
167 168
167 169
167 170
167 171
167 174
167 177
167 197
167 198
167 200
167 201
167 202
167 203
167 204
167 205
167 206
167 207
168 169
168 170
168 171
168 172
168 174
168 201
168 205
169 170
169 171
169 172
169 173
169 174
169 177
169 205
170 171
170 172
170 173
170 174
170 175
170 176
170 177
170 201
170 202
170 204
170 205
170 206
170 207
171 172
171 173
171 174
171 175
171 176
171 177
171 205
171 206
171 207
172 173
172 174
172 175
172 176
172 205
172 206
172 207
173 174
173 175
173 176
173 177
173 207
174 175
174 176
174 177
174 178
174 202
174 205
174 206
174 207
174 208
174 209
175 176
175 177
175 178
175 202
175 205
175 206
175 207
175 208
175 209
175 210
175 240
175 270
175 273
176 177
176 178
176 179
176 202
176 203
176 205
176 206
176 207
176 208
176 209
176 210
176 211
176 239
176 240
176 241
176 242
176 270
176 273
177 178
177 179
177 180
177 198
177 199
177 201
177 202
177 203
177 205
177 206
177 207
177 208
177 209
177 210
177 211
177 212
177 239
177 240
177 241
177 242
177 243
178 179
178 180
178 181
178 198
178 199
178 202
178 207
178 208
178 209
178 210
178 211
178 212
178 213
178 232
178 241
178 242
178 243
178 244
179 180
179 181
179 182
179 183
179 184
179 189
179 190
179 194
179 195
179 198
179 199
179 202
179 208
179 209
179 210
179 211
179 212
179 213
179 214
179 231
179 232
179 241
179 242
179 243
179 244
180 181
180 182
180 183
180 184
180 185
180 186
180 187
180 188
180 189
180 190
180 195
180 198
180 209
180 210
180 211
180 212
180 213
180 214
180 215
180 216
180 230
180 231
180 232
180 242
180 243
180 244
180 245
180 339
181 182
181 183
181 184
181 185
181 186
181 187
181 188
181 189
181 190
181 191
181 192
181 194
181 195
181 198
181 210
181 211
181 212
181 213
181 214
181 215
181 216
181 217
181 218
181 219
181 228
181 229
181 230
181 231
181 232
181 243
181 244
181 245
181 337
181 338
181 339
182 183
182 184
182 185
182 186
182 187
182 188
182 189
182 190
182 191
182 195
182 211
182 212
182 213
182 214
182 215
182 216
182 217
182 218
182 219
182 220
182 228
182 229
182 230
182 231
182 232
182 244
182 245
182 249
182 250
182 336
182 337
182 338
182 339
182 340
182 341
183 184
183 185
183 186
183 187
183 188
183 189
183 190
183 211
183 212
183 213
183 214
183 215
183 216
183 217
183 218
183 219
183 229
183 249
183 336
183 337
183 338
183 339
183 340
183 341
183 342
183 343
183 378
183 385
184 185
184 186
184 187
184 188
184 189
184 212
184 213
184 214
184 215
184 218
184 249
184 336
184 337
184 338
184 339
184 340
184 341
184 342
184 343
184 375
184 378
184 385
184 386
184 387
184 388
185 186
185 187
185 188
185 189
185 215
185 334
185 336
185 337
185 338
185 339
185 340
185 341
185 342
185 343
185 344
185 373
185 374
185 375
185 376
185 377
185 378
185 379
185 380
185 383
185 384
185 385
185 386
185 387
185 388
186 187
186 188
186 189
186 190
186 333
186 334
186 335
186 336
186 337
186 338
186 339
186 340
186 341
186 342
186 343
186 344
186 345
186 375
186 378
186 379
186 380
186 383
186 384
186 385
186 386
186 387
186 388
187 188
187 189
187 190
187 215
187 218
187 219
187 220
187 314
187 315
187 318
187 319
187 322
187 333
187 334
187 335
187 336
187 337
187 338
187 339
187 340
187 341
187 342
187 343
187 344
187 384
187 385
187 386
187 387
187 388
187 389
188 189
188 190
188 191
188 194
188 213
188 215
188 216
188 218
188 219
188 220
188 227
188 228
188 229
188 334
188 335
188 336
188 337
188 338
188 339
188 340
188 341
188 342
188 343
189 190
189 191
189 192
189 193
189 194
189 195
189 213
189 215
189 216
189 217
189 218
189 219
189 220
189 221
189 227
189 228
189 229
189 230
189 231
189 335
189 336
189 337
189 338
189 339
189 340
189 341
189 342
190 191
190 192
190 193
190 194
190 195
190 196
190 197
190 198
190 213
190 215
190 216
190 217
190 218
190 219
190 227
190 228
190 229
190 230
190 231
190 232
190 336
190 337
190 338
190 339
191 192
191 193
191 194
191 195
191 196
191 197
191 198
191 219
191 226
191 227
191 228
191 229
191 230
191 231
191 232
191 337
192 193
192 194
192 195
192 196
192 197
192 198
192 199
192 226
192 227
192 228
192 229
192 230
192 231
192 232
192 233
192 234
192 235
193 194
193 195
193 196
193 197
193 198
193 199
193 200
193 229
193 230
193 231
193 232
193 235
194 195
194 196
194 197
194 198
194 199
194 200
194 201
194 229
194 230
194 231
194 232
195 196
195 197
195 198
195 199
195 200
195 201
195 202
195 209
195 211
195 213
195 229
195 230
195 231
195 232
195 233
195 234
195 235
196 197
196 198
196 199
196 200
196 201
196 202
196 203
196 230
196 231
196 232
196 233
196 234
196 235
196 236
196 237
196 239
197 198
197 199
197 200
197 201
197 202
197 203
197 204
197 232
197 235
197 237
198 199
198 200
198 201
198 202
198 203
198 204
198 205
198 207
198 208
198 209
198 210
198 211
198 230
198 231
198 232
198 235
198 237
198 239
198 241
199 200
199 201
199 202
199 203
199 204
199 205
199 206
199 207
199 208
199 209
199 210
199 211
199 230
199 231
199 232
199 233
199 234
199 235
199 236
199 237
199 238
199 239
199 240
199 241
200 201
200 202
200 203
200 204
200 205
200 206
200 207
200 208
200 209
200 232
200 235
200 236
200 237
200 238
200 239
200 240
201 202
201 203
201 204
201 205
201 206
201 207
201 208
201 209
201 237
201 238
201 239
202 203
202 204
202 205
202 206
202 207
202 208
202 209
202 210
202 211
202 232
202 237
202 238
202 239
202 240
202 241
203 204
203 205
203 206
203 207
203 208
203 209
203 235
203 236
203 237
203 238
203 239
203 240
203 241
203 269
204 205
204 206
204 207
204 208
204 237
204 238
204 239
205 206
205 207
205 208
205 209
205 238
205 239
206 207
206 208
206 209
206 237
206 238
206 239
206 240
206 241
206 269
206 270
207 208
207 209
207 210
207 238
207 239
207 240
207 241
207 242
207 269
207 270
207 273
208 209
208 210
208 211
208 232
208 237
208 238
208 239
208 240
208 241
208 242
208 243
208 263
208 264
208 265
208 268
208 269
208 270
208 271
208 272
208 273
208 274
209 210
209 211
209 212
209 213
209 232
209 233
209 237
209 238
209 239
209 240
209 241
209 242
209 243
209 244
209 262
209 263
209 264
209 265
209 269
209 270
209 273
210 211
210 212
210 213
210 214
210 231
210 232
210 233
210 239
210 240
210 241
210 242
210 243
210 244
210 245
210 261
210 262
210 263
210 264
210 265
210 273
210 274
211 212
211 213
211 214
211 215
211 216
211 230
211 231
211 232
211 233
211 239
211 240
211 241
211 242
211 243
211 244
211 245
211 261
211 262
211 263
211 264
212 213
212 214
212 215
212 216
212 231
212 232
212 233
212 241
212 242
212 243
212 244
212 245
212 246
212 259
212 260
212 261
212 262
212 263
213 214
213 215
213 216
213 217
213 218
213 219
213 229
213 230
213 231
213 232
213 233
213 241
213 242
213 243
213 244
213 245
213 246
213 247
213 248
213 249
213 250
213 259
213 260
213 261
213 262
213 339
214 215
214 216
214 217
214 218
214 229
214 231
214 243
214 244
214 245
214 246
214 247
214 248
214 249
214 250
214 251
214 252
214 254
214 258
214 259
214 260
214 261
214 262
214 338
214 339
214 340
215 216
215 217
215 218
215 219
215 220
215 229
215 230
215 231
215 243
215 244
215 245
215 246
215 247
215 248
215 249
215 250
215 251
215 252
215 259
215 307
215 311
215 337
215 338
215 339
215 340
215 341
216 217
216 218
216 219
216 220
216 228
216 229
216 230
216 231
216 232
216 233
216 243
216 244
216 245
216 246
216 247
216 248
216 249
216 250
216 251
216 307
216 311
216 338
216 339
216 340
217 218
217 219
217 220
217 221
217 227
217 228
217 229
217 230
217 231
217 245
217 246
217 247
217 249
217 250
217 251
217 304
217 307
217 308
217 310
217 311
217 312
217 337
217 338
217 339
218 219
218 220
218 221
218 227
218 228
218 229
218 230
218 231
218 247
218 249
218 250
218 251
218 252
218 304
218 306
218 307
218 308
218 309
218 310
218 311
218 312
218 313
218 314
218 315
218 336
218 337
218 338
218 339
218 340
218 341
219 220
219 221
219 222
219 223
219 224
219 225
219 226
219 227
219 228
219 229
219 230
219 250
219 307
219 308
219 309
219 310
219 311
219 312
219 313
219 314
219 315
219 318
219 336
219 337
219 338
219 339
219 340
219 341
220 221
220 222
220 223
220 224
220 225
220 226
220 227
220 228
220 229
220 307
220 308
220 309
220 310
220 311
220 312
220 313
220 314
220 315
220 316
220 317
220 318
220 319
220 335
220 336
220 337
220 338
220 339
220 340
220 341
221 222
221 223
221 224
221 225
221 226
221 227
221 228
221 229
221 308
221 309
221 311
221 312
221 313
221 314
221 315
221 316
221 319
221 336
221 337
221 338
222 223
222 224
222 225
222 226
222 227
222 228
222 308
222 309
222 311
222 312
222 313
222 314
222 315
222 316
222 318
222 319
222 336
222 337
222 338
223 224
223 225
223 226
223 227
223 228
223 312
223 315
223 316
223 318
223 319
223 335
223 336
223 337
223 338
224 225
224 226
224 227
224 228
224 315
224 337
225 226
225 227
225 228
225 229
225 312
225 337
226 227
226 228
226 229
227 228
227 229
227 230
227 337
227 338
228 229
228 230
228 231
228 337
228 338
229 230
229 231
229 232
229 233
229 234
229 337
229 338
229 339
230 231
230 232
230 233
230 234
230 235
231 232
231 233
231 234
231 235
231 236
231 241
231 242
231 243
231 244
231 245
231 262
231 264
232 233
232 234
232 235
232 236
232 237
232 238
232 239
232 240
232 241
232 242
232 243
232 244
232 262
232 263
232 264
232 265
233 234
233 235
233 236
233 237
233 238
233 239
233 240
233 241
233 242
233 243
233 244
233 245
233 262
233 263
233 264
233 265
233 266
234 235
234 236
234 237
234 241
234 243
234 264
234 265
235 236
235 237
235 238
235 239
235 240
235 241
235 264
235 265
235 266
236 237
236 238
236 239
236 240
236 241
236 264
236 265
236 266
236 267
237 238
237 239
237 240
237 241
237 264
237 265
237 266
237 267
237 268
237 269
238 239
238 240
238 241
238 264
238 265
238 266
238 267
238 268
238 269
238 270
239 240
239 241
239 242
239 263
239 264
239 265
239 266
239 267
239 268
239 269
239 270
239 271
239 273
240 241
240 242
240 243
240 262
240 263
240 264
240 265
240 266
240 267
240 268
240 269
240 270
240 271
240 272
240 273
240 274
241 242
241 243
241 244
241 261
241 262
241 263
241 264
241 265
241 266
241 267
241 268
241 269
241 270
241 271
241 272
241 273
241 274
242 243
242 244
242 245
242 260
242 261
242 262
242 263
242 264
242 265
242 270
242 271
242 272
242 273
242 274
242 275
242 276
242 277
243 244
243 245
243 246
243 259
243 260
243 261
243 262
243 263
243 264
243 265
243 273
243 274
243 277
244 245
244 246
244 247
244 248
244 258
244 259
244 260
244 261
244 262
244 263
244 264
244 277
245 246
245 247
245 248
245 249
245 250
245 251
245 257
245 258
245 259
245 260
245 261
245 262
245 263
245 299
246 247
246 248
246 249
246 250
246 251
246 252
246 253
246 254
246 255
246 256
246 257
246 258
246 259
246 260
246 261
246 262
246 287
246 292
246 295
246 298
246 299
247 248
247 249
247 250
247 251
247 252
247 253
247 254
247 255
247 256
247 257
247 258
247 259
247 260
247 291
247 292
247 294
247 295
247 296
247 298
247 299
247 307
248 249
248 250
248 251
248 252
248 253
248 254
248 255
248 256
248 257
248 258
248 259
248 260
248 298
248 339
248 340
249 250
249 251
249 252
249 253
249 254
249 255
249 256
249 257
249 258
249 259
249 307
249 310
249 311
249 314
249 338
249 339
249 340
249 341
249 389
250 251
250 252
250 253
250 254
250 258
250 259
250 298
250 299
250 302
250 304
250 305
250 306
250 307
250 308
250 309
250 310
250 311
250 312
250 314
250 338
250 339
250 340
250 389
251 252
251 253
251 254
251 255
251 256
251 258
251 259
251 295
251 298
251 299
251 302
251 303
251 304
251 305
251 306
251 307
251 308
251 309
251 310
251 311
252 253
252 254
252 255
252 256
252 257
252 258
252 298
252 306
252 307
252 310
252 311
252 314
252 340
252 389
253 254
253 255
253 256
253 257
253 258
253 259
253 291
253 295
253 298
254 255
254 256
254 257
254 258
254 259
254 291
255 256
255 257
255 258
255 259
255 287
255 288
255 291
256 257
256 258
256 259
256 287
256 288
256 289
256 290
256 291
256 292
256 294
256 295
257 258
257 259
257 260
257 286
257 287
257 288
257 289
257 290
257 291
257 292
258 259
258 260
258 261
258 286
258 287
258 288
258 289
258 290
258 291
258 292
258 293
258 294
258 295
258 298
259 260
259 261
259 262
259 286
259 287
259 288
259 291
259 292
259 295
260 261
260 262
260 263
260 277
260 278
260 281
260 286
260 287
260 292
260 295
261 262
261 263
261 264
261 273
261 274
261 276
261 277
261 278
261 281
261 286
262 263
262 264
262 265
262 273
262 274
262 277
262 278
263 264
263 265
263 266
263 267
263 268
263 269
263 270
263 271
263 272
263 273
263 274
263 275
263 276
263 277
263 278
264 265
264 266
264 267
264 268
264 269
264 270
264 271
264 273
264 274
265 266
265 267
265 268
265 269
265 270
265 271
265 272
265 273
265 274
266 267
266 268
266 269
266 270
266 271
267 268
267 269
267 270
267 271
268 269
268 270
268 271
268 272
268 273
268 274
269 270
269 271
269 272
269 273
269 274
270 271
270 272
270 273
270 274
270 275
270 276
270 277
271 272
271 273
271 274
271 275
271 276
271 277
271 278
272 273
272 274
272 275
272 276
272 277
272 278
272 279
273 274
273 275
273 276
273 277
273 278
273 279
273 280
274 275
274 276
274 277
274 278
274 279
274 280
274 281
275 276
275 277
275 278
275 279
275 280
275 281
275 282
276 277
276 278
276 279
276 280
276 281
276 282
276 283
277 278
277 279
277 280
277 281
277 282
277 283
277 284
277 285
277 286
278 279
278 280
278 281
278 282
278 283
278 284
278 285
278 286
279 280
279 281
279 282
279 283
279 284
279 285
279 286
280 281
280 282
280 283
280 284
280 285
280 286
281 282
281 283
281 284
281 285
281 286
281 287
282 283
282 284
282 285
282 286
282 287
283 284
283 285
283 286
284 285
284 286
284 287
284 288
285 286
285 287
285 288
285 289
286 287
286 288
286 289
286 290
286 291
286 292
287 288
287 289
287 290
287 291
287 292
287 293
287 295
288 289
288 290
288 291
288 292
288 293
288 294
288 295
289 290
289 291
289 292
289 293
289 294
289 295
290 291
290 292
290 293
290 294
290 295
290 296
291 292
291 293
291 294
291 295
291 296
291 297
291 298
292 293
292 294
292 295
292 296
292 297
292 298
292 299
293 294
293 295
293 296
293 297
293 298
293 299
294 295
294 296
294 297
294 298
294 299
294 300
294 301
294 302
295 296
295 297
295 298
295 299
295 300
295 301
295 302
296 297
296 298
296 299
296 300
296 301
296 302
297 298
297 299
297 300
297 301
297 302
297 303
298 299
298 300
298 301
298 302
298 303
298 304
298 306
298 307
299 300
299 301
299 302
299 303
299 304
299 306
299 307
300 301
300 302
300 303
300 304
300 307
301 302
301 303
301 304
301 305
301 306
301 307
302 303
302 304
302 305
302 306
302 307
302 308
303 304
303 305
303 306
303 307
303 308
303 309
303 310
304 305
304 306
304 307
304 308
304 309
304 310
304 311
305 306
305 307
305 308
305 309
305 310
305 311
305 312
306 307
306 308
306 309
306 310
306 311
306 312
306 313
307 308
307 309
307 310
307 311
307 312
307 313
307 314
308 309
308 310
308 311
308 312
308 313
308 314
308 315
308 338
309 310
309 311
309 312
309 313
309 314
309 315
309 316
310 311
310 312
310 313
310 314
310 315
310 316
310 317
310 338
310 339
310 340
310 388
310 389
310 390
310 391
311 312
311 313
311 314
311 315
311 316
311 317
311 318
311 319
311 337
311 338
311 339
311 340
311 341
311 388
311 389
312 313
312 314
312 315
312 316
312 317
312 318
312 319
312 337
312 338
312 339
312 340
312 388
312 389
312 391
313 314
313 315
313 316
313 317
313 318
313 319
313 320
313 338
313 339
313 340
313 388
313 389
313 390
313 391
313 392
314 315
314 316
314 317
314 318
314 319
314 320
314 321
314 322
314 336
314 337
314 338
314 339
314 340
314 341
314 342
314 387
314 388
314 389
314 390
314 391
314 392
315 316
315 317
315 318
315 319
315 320
315 321
315 322
315 323
315 335
315 336
315 337
315 338
315 339
315 340
315 341
315 342
315 387
315 388
315 389
315 390
315 391
315 392
316 317
316 318
316 319
316 320
316 321
316 322
316 323
316 336
316 337
316 338
316 340
316 388
316 389
316 390
316 391
316 392
316 393
316 395
317 318
317 319
317 320
317 321
317 322
317 323
317 324
317 325
317 336
317 338
317 339
317 340
317 341
317 342
317 386
317 387
317 388
317 389
317 390
317 391
317 392
317 393
317 394
317 395
317 396
318 319
318 320
318 321
318 322
318 323
318 324
318 325
318 333
318 334
318 335
318 336
318 337
318 338
318 339
318 340
318 341
318 342
318 343
318 386
318 387
318 388
318 389
318 390
318 391
318 392
318 394
318 395
318 396
319 320
319 321
319 322
319 323
319 324
319 325
319 326
319 333
319 334
319 335
319 336
319 337
319 338
319 340
319 341
319 342
319 387
319 388
319 389
319 391
319 392
319 395
320 321
320 322
320 323
320 324
320 325
320 326
320 327
320 333
320 335
320 336
320 342
320 388
320 389
320 390
320 391
320 392
320 393
320 394
320 395
320 396
320 398
320 399
321 322
321 323
321 324
321 325
321 326
321 327
321 328
321 331
321 332
321 333
321 334
321 335
321 336
321 340
321 341
321 342
321 343
321 344
321 385
321 386
321 387
321 388
321 389
321 390
321 391
321 392
321 393
321 394
321 395
321 396
321 397
321 398
321 399
321 400
321 402
322 323
322 324
322 325
322 326
322 327
322 328
322 331
322 332
322 333
322 334
322 335
322 336
322 337
322 341
322 342
322 343
322 344
322 345
322 386
322 387
322 388
322 392
322 395
322 396
322 399
323 324
323 325
323 326
323 327
323 328
323 331
323 332
323 333
323 334
323 335
323 336
323 342
323 344
323 392
323 395
323 396
323 399
324 325
324 326
324 327
324 328
324 329
324 331
324 332
324 333
324 344
324 392
324 395
324 396
324 397
324 398
324 399
324 400
324 401
324 402
324 403
325 326
325 327
325 328
325 329
325 330
325 331
325 332
325 333
325 334
325 335
325 342
325 343
325 344
325 345
325 346
325 384
325 386
325 395
325 396
325 397
325 398
325 399
325 400
325 401
325 402
325 403
325 404
325 406
326 327
326 328
326 329
326 330
326 331
326 332
326 333
326 334
326 335
326 342
326 343
326 344
326 345
326 346
326 347
326 399
326 402
326 403
326 406
327 328
327 329
327 330
327 331
327 332
327 333
327 399
327 400
327 402
327 403
327 404
327 406
327 407
328 329
328 330
328 331
328 332
328 333
328 344
328 345
328 346
328 347
328 350
328 351
328 398
328 399
328 400
328 401
328 402
328 403
328 404
328 405
328 406
328 407
328 408
328 409
328 410
329 330
329 331
329 332
329 333
329 345
329 346
329 347
329 348
329 349
329 350
329 351
329 399
329 402
329 403
329 404
329 405
329 406
329 407
329 408
329 409
329 410
329 411
330 331
330 332
330 333
330 344
330 345
330 346
330 347
330 348
330 349
330 350
330 351
330 352
330 354
330 357
330 360
330 382
330 383
330 384
330 402
330 403
330 405
330 406
330 407
330 408
330 409
330 410
330 411
331 332
331 333
331 334
331 342
331 343
331 344
331 345
331 346
331 347
331 348
331 349
331 350
331 351
331 357
331 360
331 382
331 383
331 384
331 385
331 399
331 402
331 403
331 405
331 406
331 407
331 410
332 333
332 334
332 335
332 342
332 343
332 344
332 345
332 346
332 347
332 348
332 350
332 382
332 383
332 384
333 334
333 335
333 336
333 341
333 342
333 343
333 344
333 345
333 346
333 347
333 382
333 383
333 384
333 385
333 386
334 335
334 336
334 337
334 341
334 342
334 343
334 344
334 345
334 346
334 383
334 384
334 385
334 386
335 336
335 337
335 338
335 339
335 341
335 342
335 343
335 344
335 345
335 388
336 337
336 338
336 339
336 340
336 341
336 342
336 343
336 344
336 385
336 386
336 387
336 388
337 338
337 339
337 340
337 341
337 342
337 343
337 388
338 339
338 340
338 341
338 342
338 343
338 387
338 388
338 389
339 340
339 341
339 342
339 343
339 386
339 387
339 388
339 389
340 341
340 342
340 343
340 385
340 386
340 387
340 388
340 389
340 390
341 342
341 343
341 344
341 372
341 373
341 384
341 385
341 386
341 387
341 388
341 389
341 390
342 343
342 344
342 345
342 372
342 373
342 375
342 383
342 384
342 385
342 386
342 387
342 388
342 389
343 344
343 345
343 346
343 372
343 373
343 374
343 375
343 376
343 378
343 380
343 381
343 382
343 383
343 384
343 385
343 386
343 387
343 388
344 345
344 346
344 347
344 357
344 372
344 373
344 374
344 375
344 380
344 381
344 382
344 383
344 384
344 385
344 386
344 387
345 346
345 347
345 348
345 349
345 356
345 357
345 360
345 374
345 375
345 376
345 380
345 381
345 382
345 383
345 384
345 385
345 386
346 347
346 348
346 349
346 350
346 351
346 354
346 355
346 356
346 357
346 358
346 359
346 360
346 361
346 374
346 375
346 376
346 380
346 381
346 382
346 383
346 384
346 385
346 406
347 348
347 349
347 350
347 351
347 352
347 354
347 355
347 356
347 357
347 360
347 381
347 382
347 383
347 384
347 406
347 410
347 411
348 349
348 350
348 351
348 352
348 353
348 354
348 355
348 356
348 357
348 358
348 359
348 360
348 381
348 382
348 383
348 384
348 406
348 409
348 410
348 411
349 350
349 351
349 352
349 353
349 354
349 355
349 356
349 357
349 382
349 409
349 410
349 411
350 351
350 352
350 353
350 354
350 355
350 356
350 406
350 407
350 408
350 409
350 410
350 411
351 352
351 353
351 354
351 355
351 356
351 357
351 359
351 360
351 405
351 406
351 407
351 408
351 409
351 410
351 411
352 353
352 354
352 355
352 356
352 359
352 360
352 406
352 407
352 408
352 409
352 410
352 411
353 354
353 355
353 356
353 357
353 359
353 360
353 362
353 363
353 364
353 405
353 406
353 408
353 409
353 410
353 411
354 355
354 356
354 357
354 358
354 359
354 360
354 361
354 362
354 363
354 364
354 382
354 405
354 406
354 408
354 409
354 410
354 411
355 356
355 357
355 358
355 359
355 360
355 361
355 362
355 363
355 381
355 382
355 409
355 410
356 357
356 358
356 359
356 360
356 361
356 362
356 363
356 374
356 375
356 376
356 380
356 381
356 382
356 383
356 384
357 358
357 359
357 360
357 361
357 362
357 363
357 364
357 372
357 373
357 374
357 375
357 376
357 377
357 378
357 379
357 380
357 381
357 382
357 383
357 384
357 385
358 359
358 360
358 361
358 362
358 363
358 364
358 365
358 371
358 372
358 373
358 374
358 375
358 376
358 377
358 378
358 379
358 380
358 381
358 382
358 383
358 384
358 385
359 360
359 361
359 362
359 363
359 364
359 365
359 366
359 372
359 373
359 374
359 375
359 376
359 381
359 382
359 383
359 384
359 409
360 361
360 362
360 363
360 364
360 365
360 366
360 367
360 368
360 370
360 371
360 372
360 373
360 374
360 375
360 376
360 381
360 382
360 383
360 384
360 385
360 402
360 405
360 406
360 409
361 362
361 363
361 364
361 365
361 366
361 367
361 368
361 369
361 370
361 371
361 372
361 373
361 374
361 375
361 376
361 377
361 381
361 382
361 383
361 384
361 385
361 386
361 402
361 405
361 406
362 363
362 364
362 365
362 366
362 367
362 368
362 369
362 370
362 371
362 372
362 373
362 374
362 384
363 364
363 365
363 366
363 367
363 368
363 369
363 370
363 371
363 372
363 374
363 402
363 405
363 406
363 408
363 409
364 365
364 366
364 367
364 368
364 369
364 370
364 371
364 372
364 373
364 374
364 384
364 398
364 399
364 401
364 402
364 403
364 404
364 405
364 406
364 408
364 409
365 366
365 367
365 368
365 369
365 370
365 371
365 372
365 373
365 374
365 398
365 401
365 402
365 405
366 367
366 368
366 369
366 370
366 371
366 372
366 401
366 402
366 405
367 368
367 369
367 370
367 371
367 401
367 402
367 404
367 405
367 406
367 408
367 409
368 369
368 370
368 371
368 372
368 397
368 398
368 399
368 400
368 401
368 402
368 403
368 404
368 405
368 406
368 408
369 370
369 371
369 372
369 397
369 398
369 399
369 401
369 402
369 405
370 371
370 372
370 373
370 386
370 394
370 395
370 397
370 398
370 399
370 400
370 401
370 402
370 403
370 404
370 405
371 372
371 373
371 374
371 384
371 385
371 386
371 387
371 395
371 398
371 399
371 401
371 402
372 373
372 374
372 375
372 376
372 377
372 383
372 384
372 385
372 386
372 387
372 388
372 395
372 398
372 399
372 402
373 374
373 375
373 376
373 377
373 378
373 379
373 380
373 381
373 382
373 383
373 384
373 385
373 386
373 387
374 375
374 376
374 377
374 378
374 379
374 380
374 381
374 382
374 383
374 384
374 385
374 386
375 376
375 377
375 378
375 379
375 380
375 381
375 382
375 383
375 384
375 385
375 386
376 377
376 378
376 379
376 380
376 381
376 382
376 383
376 384
376 385
377 378
377 379
377 380
377 381
377 382
377 383
377 384
377 385
378 379
378 380
378 381
378 382
378 383
378 384
378 385
379 380
379 381
379 382
379 383
379 384
379 385
380 381
380 382
380 383
380 384
380 385
381 382
381 383
381 384
381 385
382 383
382 384
382 385
383 384
383 385
383 386
384 385
384 386
384 387
385 386
385 387
385 388
386 387
386 388
386 389
386 390
386 395
386 398
386 399
387 388
387 389
387 390
387 391
387 392
387 394
387 395
387 398
388 389
388 390
388 391
388 392
388 393
388 394
388 395
389 390
389 391
389 392
389 393
389 394
389 395
390 391
390 392
390 393
390 394
390 395
390 396
390 397
390 398
391 392
391 393
391 394
391 395
391 396
391 397
391 398
392 393
392 394
392 395
392 396
392 397
392 398
392 399
393 394
393 395
393 396
393 397
393 398
393 399
393 400
394 395
394 396
394 397
394 398
394 399
394 400
394 401
395 396
395 397
395 398
395 399
395 400
395 401
395 402
395 403
396 397
396 398
396 399
396 400
396 401
396 402
396 403
397 398
397 399
397 400
397 401
397 402
397 403
397 404
398 399
398 400
398 401
398 402
398 403
398 404
398 405
399 400
399 401
399 402
399 403
399 404
399 405
399 406
399 407
400 401
400 402
400 403
400 404
400 405
400 406
400 407
401 402
401 403
401 404
401 405
401 406
401 407
401 408
402 403
402 404
402 405
402 406
402 407
402 408
402 409
403 404
403 405
403 406
403 407
403 408
403 409
403 410
404 405
404 406
404 407
404 408
404 409
404 410
405 406
405 407
405 408
405 409
405 410
406 407
406 408
406 409
406 410
406 411
407 408
407 409
407 410
407 411
408 409
408 410
408 411
409 410
409 411
410 411