171
0 1
0 2
0 3
0 4
0 5
0 6
0 7
0 26
0 27
0 28
0 29
0 30
0 31
0 32
0 33
0 34
0 35
0 36
0 37
0 68
0 86
0 88
0 89
0 90
0 91
0 92
0 93
0 94
0 106
0 107
0 108
0 109
0 110
0 123
0 124
0 125
0 126
0 127
0 128
1 2
1 3
1 4
1 5
1 6
1 7
1 8
1 25
1 26
1 27
1 28
1 29
1 30
1 31
1 32
1 35
1 37
1 85
1 86
1 87
1 88
1 89
1 90
1 91
1 92
1 93
1 94
1 95
1 96
1 97
1 105
1 106
1 107
1 108
1 109
1 110
1 125
1 126
1 127
1 128
2 3
2 4
2 5
2 6
2 7
2 8
2 9
2 26
2 27
2 30
2 31
2 32
2 35
2 37
2 67
2 68
2 70
2 71
2 82
2 83
2 84
2 85
2 86
2 87
2 88
2 89
2 90
2 91
2 92
2 93
2 106
2 107
2 108
2 109
2 125
3 4
3 5
3 6
3 7
3 8
3 9
3 10
3 25
3 26
3 27
3 28
3 29
3 30
3 31
3 32
3 33
3 34
3 35
3 36
3 37
3 38
3 63
3 64
3 65
3 66
3 67
3 68
3 69
3 70
3 71
3 82
3 85
3 86
3 88
3 89
3 90
3 93
3 106
3 107
3 108
3 109
3 125
4 5
4 6
4 7
4 8
4 9
4 10
4 11
4 19
4 22
4 23
4 24
4 25
4 26
4 27
4 28
4 29
4 30
4 31
4 32
4 35
4 36
4 37
4 38
4 39
4 64
4 67
4 68
4 70
4 85
4 86
4 88
4 89
4 90
4 92
4 93
4 105
4 106
4 107
4 108
4 109
4 125
4 126
4 127
5 6
5 7
5 8
5 9
5 10
5 11
5 12
5 19
5 20
5 22
5 25
5 26
5 27
5 37
5 67
5 70
5 85
5 86
5 87
5 88
5 89
5 90
5 92
5 93
5 106
5 107
5 108
6 7
6 8
6 9
6 10
6 11
6 12
6 13
6 19
6 25
6 26
6 27
6 31
6 35
6 36
6 37
6 63
6 64
6 65
6 66
6 67
6 68
6 69
6 70
6 71
6 74
6 82
6 85
6 86
6 88
6 89
6 107
7 8
7 9
7 10
7 11
7 12
7 13
7 14
7 19
7 22
7 24
7 25
7 26
7 27
7 28
7 35
7 36
7 37
7 38
7 39
7 42
7 59
7 62
7 63
7 64
7 65
7 66
7 67
7 68
7 69
7 70
7 106
7 107
8 9
8 10
8 11
8 12
8 13
8 14
8 15
8 16
8 17
8 18
8 19
8 20
8 21
8 22
8 23
8 24
8 25
8 26
8 27
8 37
8 38
8 39
8 42
8 43
8 44
8 49
8 63
8 64
8 66
8 67
8 106
8 107
9 10
9 11
9 12
9 13
9 14
9 15
9 16
9 17
9 18
9 19
9 20
9 21
9 22
9 25
9 37
9 63
9 66
9 67
9 70
9 85
10 11
10 12
10 13
10 14
10 15
10 16
10 17
10 18
10 19
10 22
10 25
10 37
10 39
10 49
10 58
10 59
10 62
10 63
10 64
10 65
10 66
10 67
10 68
10 70
11 12
11 13
11 14
11 15
11 16
11 17
11 18
11 19
11 20
11 21
11 22
11 23
11 24
11 25
11 26
11 37
11 38
11 39
11 40
11 42
11 43
11 44
11 48
11 49
11 50
11 52
11 53
11 58
11 59
11 62
11 63
11 64
11 66
11 67
12 13
12 14
12 15
12 16
12 17
12 18
12 19
12 20
12 21
12 22
12 23
12 25
12 39
12 42
12 43
12 44
12 49
12 52
12 53
12 63
13 14
13 15
13 16
13 17
13 18
13 19
13 20
13 22
13 53
13 63
14 15
14 16
14 17
14 18
14 19
14 22
14 49
14 50
14 52
14 53
14 54
14 55
14 58
14 59
14 62
14 63
15 16
15 17
15 18
15 19
15 21
15 22
15 42
15 43
15 44
15 47
15 48
15 49
15 50
15 51
15 52
15 53
15 54
16 17
16 18
16 19
16 20
16 21
16 22
16 44
16 49
16 52
16 53
17 18
17 19
17 20
17 21
17 22
17 23
17 43
17 44
17 45
17 47
17 49
17 52
17 53
18 19
18 20
18 21
18 22
18 23
18 43
18 44
18 45
19 20
19 21
19 22
19 23
19 25
19 42
19 43
19 44
19 45
20 21
20 22
20 23
20 24
20 25
20 43
20 44
20 45
20 104
21 22
21 23
21 24
21 25
21 42
21 43
21 44
21 45
21 46
21 47
21 49
21 104
22 23
22 24
22 25
22 26
22 39
22 41
22 42
22 43
22 44
22 45
22 46
22 47
22 48
22 49
22 50
22 104
22 105
22 106
23 24
23 25
23 26
23 38
23 39
23 40
23 41
23 42
23 43
23 44
23 45
23 46
23 47
23 48
23 49
23 101
23 103
23 104
23 105
23 106
23 107
23 127
23 129
24 25
24 26
24 27
24 37
24 38
24 39
24 40
24 41
24 42
24 43
24 44
24 45
24 46
24 47
24 48
24 49
24 50
24 101
24 103
24 104
24 105
24 106
24 107
24 126
24 127
24 128
24 129
24 138
24 141
25 26
25 27
25 28
25 36
25 37
25 38
25 39
25 40
25 41
25 42
25 43
25 44
25 48
25 49
25 50
25 104
25 105
25 106
25 107
25 126
25 127
25 128
25 129
25 138
26 27
26 28
26 29
26 35
26 36
26 37
26 38
26 39
26 40
26 41
26 42
26 43
26 104
26 105
26 106
26 107
26 108
26 109
26 125
26 126
26 127
26 128
26 129
26 137
26 138
26 141
27 28
27 29
27 30
27 31
27 32
27 33
27 34
27 35
27 36
27 37
27 38
27 39
27 40
27 41
27 42
27 64
27 67
27 68
27 105
27 106
27 107
27 108
27 109
27 124
27 125
27 126
27 127
27 128
27 147
27 150
27 151
27 154
28 29
28 30
28 31
28 32
28 33
28 34
28 35
28 36
28 37
28 38
28 39
28 106
28 107
28 108
28 109
28 110
28 112
28 116
28 118
28 123
28 124
28 125
28 126
28 127
28 128
28 137
28 138
28 143
28 147
28 148
28 149
28 150
28 151
28 152
28 153
28 154
28 155
28 158
29 30
29 31
29 32
29 33
29 34
29 35
29 36
29 37
29 38
29 68
29 107
29 108
29 109
29 110
29 111
29 112
29 116
29 118
29 122
29 123
29 124
29 125
29 126
29 127
29 147
29 148
29 150
29 151
29 152
29 153
29 154
29 155
29 156
29 157
29 158
29 159
30 31
30 32
30 33
30 34
30 35
30 36
30 37
30 68
30 107
30 108
30 109
30 110
30 111
30 122
30 123
30 124
30 125
30 126
30 150
30 151
30 152
30 153
30 154
30 155
30 156
30 157
30 158
30 159
30 160
30 161
31 32
31 33
31 34
31 35
31 36
31 37
31 67
31 68
31 69
31 71
31 86
31 107
31 108
31 109
31 110
31 123
31 124
31 125
31 126
31 154
31 155
31 157
31 158
32 33
32 34
32 35
32 36
32 37
32 64
32 65
32 67
32 68
32 69
32 70
32 71
32 72
32 109
32 124
32 125
32 153
32 154
32 155
32 157
32 158
33 34
33 35
33 36
33 37
33 64
33 65
33 66
33 67
33 68
33 69
33 70
33 71
33 72
33 150
33 153
33 154
33 157
34 35
34 36
34 37
34 64
34 65
34 66
34 67
34 68
34 69
34 124
34 125
34 149
34 150
34 151
34 152
34 153
34 154
34 155
34 156
34 157
34 158
35 36
35 37
35 38
35 63
35 64
35 65
35 66
35 67
35 68
35 69
35 70
35 107
35 109
35 124
35 125
35 126
35 147
35 149
35 150
35 151
35 152
35 153
35 154
35 155
35 156
35 157
35 158
36 37
36 38
36 39
36 40
36 59
36 60
36 63
36 64
36 65
36 66
36 67
36 68
36 107
36 124
36 125
36 126
36 127
36 146
36 147
36 148
36 149
36 150
36 151
36 152
36 153
36 154
36 155
37 38
37 39
37 40
37 41
37 42
37 59
37 60
37 62
37 63
37 64
37 65
37 66
37 67
37 68
37 106
37 107
37 125
37 126
37 127
37 147
37 150
37 151
37 154
38 39
38 40
38 41
38 42
38 43
38 49
38 50
38 59
38 60
38 63
38 64
38 67
38 106
38 107
38 125
38 126
38 127
38 141
38 142
38 143
38 144
38 146
38 147
38 148
38 150
38 151
39 40
39 41
39 42
39 43
39 44
39 48
39 49
39 50
39 51
39 52
39 53
39 54
39 56
39 58
39 59
39 60
39 63
39 64
39 127
39 147
40 41
40 42
40 43
40 47
40 48
40 49
40 50
40 51
40 52
40 53
40 54
40 56
40 59
40 141
40 142
40 143
40 144
40 146
40 147
41 42
41 43
41 44
41 46
41 47
41 48
41 49
41 50
41 51
41 52
41 105
41 127
41 138
41 140
41 141
41 142
41 143
42 43
42 44
42 45
42 46
42 47
42 48
42 49
42 50
42 51
42 52
42 53
42 104
42 105
42 106
42 127
43 44
43 45
43 46
43 47
43 48
43 49
43 50
43 51
43 52
43 53
43 104
43 105
44 45
44 46
44 47
44 48
44 49
44 50
44 51
44 52
44 53
45 46
45 47
45 48
45 49
45 52
46 47
46 48
46 49
46 50
46 51
46 52
47 48
47 49
47 50
47 51
47 52
47 53
48 49
48 50
48 51
48 52
48 53
48 54
49 50
49 51
49 52
49 53
49 54
49 55
49 56
49 59
50 51
50 52
50 53
50 54
50 55
50 56
50 57
50 58
50 59
50 63
51 52
51 53
51 54
51 55
51 56
51 59
52 53
52 54
52 55
52 56
53 54
53 55
53 56
53 57
53 58
53 59
53 63
54 55
54 56
54 57
54 58
54 59
55 56
55 57
55 58
55 59
55 60
55 61
55 62
55 63
56 57
56 58
56 59
56 60
56 61
56 62
56 63
56 64
56 146
57 58
57 59
57 60
57 61
57 62
57 63
57 64
57 65
58 59
58 60
58 61
58 62
58 63
58 64
58 65
58 66
59 60
59 61
59 62
59 63
59 64
59 65
59 66
59 67
59 146
59 147
60 61
60 62
60 63
60 64
60 65
60 66
60 67
60 68
60 146
60 147
60 150
61 62
61 63
61 64
61 65
61 66
61 67
61 68
62 63
62 64
62 65
62 66
62 67
62 68
62 69
62 70
63 64
63 65
63 66
63 67
63 68
63 69
63 70
64 65
64 66
64 67
64 68
64 69
64 70
64 150
65 66
65 67
65 68
65 69
65 70
65 71
65 72
65 73
66 67
66 68
66 69
66 70
66 71
66 72
66 73
66 74
67 68
67 69
67 70
67 71
67 72
67 73
67 74
68 69
68 70
68 71
68 72
68 73
68 74
68 154
69 70
69 71
69 72
69 73
69 74
69 75
69 76
70 71
70 72
70 73
70 74
70 75
70 76
70 77
70 81
70 82
70 85
70 86
71 72
71 73
71 74
71 75
71 76
71 77
71 78
71 79
71 80
71 81
71 82
71 83
71 84
71 85
71 86
72 73
72 74
72 75
72 76
72 77
72 78
72 79
72 80
72 81
72 82
73 74
73 75
73 76
73 77
73 78
73 79
73 80
73 81
73 82
74 75
74 76
74 77
74 78
74 79
74 80
74 81
74 82
74 83
74 84
74 85
74 86
75 76
75 77
75 78
75 79
75 80
75 81
75 82
75 83
76 77
76 78
76 79
76 80
76 81
76 82
77 78
77 79
77 80
77 81
77 82
78 79
78 80
78 81
78 82
78 83
79 80
79 81
79 82
79 83
80 81
80 82
80 83
80 84
81 82
81 83
81 84
81 85
81 86
81 87
82 83
82 84
82 85
82 86
82 87
82 88
82 89
83 84
83 85
83 86
83 87
83 88
83 89
83 90
84 85
84 86
84 87
84 88
84 89
84 90
84 91
85 86
85 87
85 88
85 89
85 90
85 91
85 92
86 87
86 88
86 89
86 90
86 91
86 92
86 93
87 88
87 89
87 90
87 91
87 92
87 93
87 94
88 89
88 90
88 91
88 92
88 93
88 94
88 95
89 90
89 91
89 92
89 93
89 94
89 95
89 96
89 106
89 107
89 108
90 91
90 92
90 93
90 94
90 95
90 96
90 97
90 107
90 108
90 109
91 92
91 93
91 94
91 95
91 96
91 97
91 98
91 99
92 93
92 94
92 95
92 96
92 97
92 98
92 99
92 100
92 101
92 106
92 107
92 108
93 94
93 95
93 96
93 97
93 98
93 99
93 100
93 101
93 106
93 107
93 108
93 109
93 110
93 128
93 129
93 130
93 133
93 135
94 95
94 96
94 97
94 98
94 99
94 100
94 101
94 106
94 107
94 108
94 130
94 133
94 134
94 135
95 96
95 97
95 98
95 99
95 100
95 101
95 106
95 108
95 130
95 131
95 132
95 133
95 134
96 97
96 98
96 99
96 100
96 101
96 102
96 103
96 104
96 105
96 106
96 107
96 108
96 128
96 129
96 130
96 131
96 132
96 133
96 134
96 135
97 98
97 99
97 100
97 101
97 102
97 104
97 105
97 106
97 107
97 108
97 109
97 110
97 128
97 129
97 130
97 131
97 132
97 133
97 134
97 135
97 136
98 99
98 100
98 101
98 102
98 129
98 130
98 131
98 132
98 133
98 134
98 135
99 100
99 101
99 102
99 103
99 129
99 130
99 131
99 132
99 133
99 134
99 135
100 101
100 102
100 103
100 104
100 105
100 106
100 128
100 129
100 130
100 131
100 132
100 133
100 134
100 135
100 136
101 102
101 103
101 104
101 105
101 106
101 107
101 127
101 128
101 129
101 130
101 131
101 132
101 133
101 134
101 135
101 136
102 103
102 104
102 105
102 106
102 128
102 129
102 130
102 131
102 132
102 133
102 134
102 135
103 104
103 105
103 106
103 127
103 128
103 129
103 130
103 131
103 132
103 135
103 136
103 137
103 138
104 105
104 106
104 107
104 127
104 128
104 129
104 130
104 131
104 135
104 136
104 138
105 106
105 107
105 108
105 126
105 127
105 128
105 129
105 130
105 131
105 135
105 136
105 137
105 138
105 139
106 107
106 108
106 109
106 125
106 126
106 127
106 128
106 129
106 130
106 131
106 135
106 136
106 137
106 138
107 108
107 109
107 110
107 124
107 125
107 126
107 127
107 128
107 129
107 130
107 135
107 136
107 137
107 138
108 109
108 110
108 111
108 112
108 123
108 124
108 125
108 126
108 127
108 128
108 129
108 130
108 134
108 135
108 136
108 137
108 138
109 110
109 111
109 112
109 121
109 122
109 123
109 124
109 125
109 126
109 127
109 128
109 135
109 136
109 137
109 158
110 111
110 112
110 113
110 114
110 115
110 118
110 119
110 120
110 121
110 122
110 123
110 124
110 125
110 126
110 127
110 128
110 134
110 135
110 136
110 137
111 112
111 113
111 114
111 115
111 118
111 119
111 120
111 121
111 122
111 123
111 124
111 125
111 126
111 135
111 136
111 137
112 113
112 114
112 115
112 116
112 117
112 118
112 119
112 120
112 121
112 122
112 123
112 124
112 125
112 126
112 127
112 136
112 137
112 155
113 114
113 115
113 116
113 117
113 118
113 119
113 120
113 121
113 122
113 123
113 124
113 126
113 136
113 137
113 139
114 115
114 116
114 117
114 118
114 119
114 120
114 121
114 122
114 123
114 124
114 126
114 137
114 139
115 116
115 117
115 118
115 119
115 120
115 121
115 122
115 124
115 125
115 126
115 127
115 128
115 136
115 137
115 138
115 139
115 140
115 141
115 143
116 117
116 118
116 119
116 120
116 124
116 125
116 126
116 127
116 137
116 138
116 139
116 140
116 141
116 142
116 143
116 144
116 147
116 148
116 151
116 152
116 155
117 118
117 119
117 120
117 121
117 122
117 124
117 126
117 139
117 143
117 148
117 151
117 152
117 155
118 119
118 120
118 121
118 122
118 123
118 124
118 125
118 126
118 148
118 151
118 152
118 154
118 155
118 156
118 158
118 159
119 120
119 121
119 122
119 123
119 124
119 152
119 155
119 156
119 158
119 159
120 121
120 122
120 123
120 124
120 155
120 159
121 122
121 123
121 124
121 158
121 159
121 162
122 123
122 124
122 125
122 126
122 154
122 155
122 156
122 157
122 158
122 159
122 160
122 161
122 162
122 163
123 124
123 125
123 126
123 154
123 155
123 157
123 158
123 159
123 161
123 162
124 125
124 126
124 127
124 128
124 137
124 151
124 152
124 154
124 155
124 156
124 157
124 158
124 159
125 126
125 127
125 128
125 137
125 138
125 151
125 154
125 155
125 158
126 127
126 128
126 129
126 135
126 136
126 137
126 138
126 139
126 141
126 151
127 128
127 129
127 130
127 135
127 136
127 137
127 138
127 139
127 140
127 141
128 129
128 130
128 131
128 134
128 135
128 136
128 137
128 138
128 139
128 141
129 130
129 131
129 132
129 133
129 134
129 135
129 136
129 137
129 138
129 139
130 131
130 132
130 133
130 134
130 135
130 136
130 137
130 138
131 132
131 133
131 134
131 135
131 136
131 137
132 133
132 134
132 135
132 136
133 134
133 135
133 136
134 135
134 136
134 137
135 136
135 137
135 138
136 137
136 138
136 139
137 138
137 139
137 140
137 141
138 139
138 140
138 141
138 142
139 140
139 141
139 142
139 143
140 141
140 142
140 143
141 142
141 143
141 144
141 147
141 148
142 143
142 144
142 145
142 146
142 147
142 148
143 144
143 145
143 146
143 147
143 148
143 149
143 150
143 151
143 152
144 145
144 146
144 147
144 148
144 149
144 150
144 151
145 146
145 147
145 148
145 149
145 150
145 151
145 152
146 147
146 148
146 149
146 150
146 151
146 152
146 153
147 148
147 149
147 150
147 151
147 152
147 153
147 154
148 149
148 150
148 151
148 152
148 153
148 154
148 155
148 156
149 150
149 151
149 152
149 153
149 154
149 155
149 156
150 151
150 152
150 153
150 154
150 155
150 156
150 157
151 152
151 153
151 154
151 155
151 156
151 157
151 158
152 153
152 154
152 155
152 156
152 157
152 158
152 159
153 154
153 155
153 156
153 157
153 158
153 159
153 160
154 155
154 156
154 157
154 158
154 159
154 160
154 161
155 156
155 157
155 158
155 159
155 160
155 161
155 162
156 157
156 158
156 159
156 160
156 161
156 162
156 163
157 158
157 159
157 160
157 161
157 162
157 163
157 164
158 159
158 160
158 161
158 162
158 163
158 164
158 165
159 160
159 161
159 162
159 163
159 164
159 165
159 166
160 161
160 162
160 163
160 164
160 165
160 166
161 162
161 163
161 164
161 165
161 166
161 167
162 163
162 164
162 165
162 166
162 167
162 168
162 169
163 164
163 165
163 166
163 167
163 168
163 169
164 165
164 166
164 167
164 168
164 169
165 166
165 167
165 168
165 169
165 170
166 167
166 168
166 169
166 170
167 168
167 169
167 170
168 169
168 170
169 170