123
0 1
0 2
0 3
0 29
0 30
0 31
0 32
0 33
0 34
0 35
0 36
0 37
0 118
0 119
0 120
0 121
0 122
1 2
1 3
1 4
1 24
1 25
1 27
1 28
1 29
1 30
1 31
1 33
1 35
1 36
1 37
1 39
1 40
1 117
1 118
1 119
1 120
1 121
1 122
2 3
2 4
2 5
2 19
2 22
2 23
2 24
2 25
2 26
2 27
2 29
2 30
2 36
2 40
2 116
2 117
2 118
2 119
2 120
2 121
2 122
3 4
3 5
3 6
3 19
3 22
3 23
3 24
3 25
3 26
3 27
3 28
3 29
3 30
3 31
3 36
3 37
3 39
3 40
3 41
3 43
3 53
3 115
3 116
3 117
3 118
3 119
3 120
3 121
4 5
4 6
4 7
4 8
4 15
4 18
4 19
4 20
4 22
4 23
4 24
4 25
4 26
4 27
4 30
4 40
4 43
4 44
4 51
4 53
4 114
4 115
4 116
4 117
4 118
4 119
4 120
5 6
5 7
5 8
5 9
5 15
5 18
5 19
5 24
5 25
5 26
5 27
5 39
5 40
5 41
5 43
5 44
5 47
5 49
5 50
5 51
5 52
5 53
5 113
5 114
5 115
5 116
5 117
5 118
6 7
6 8
6 9
6 10
6 15
6 18
6 19
6 26
6 27
6 43
6 44
6 47
6 49
6 50
6 51
6 52
6 113
6 114
6 115
6 116
6 117
6 118
7 8
7 9
7 10
7 15
7 44
7 47
7 48
7 49
7 50
7 51
7 52
7 112
7 113
7 114
7 115
7 116
7 117
8 9
8 10
8 11
8 14
8 15
8 18
8 19
8 49
8 50
8 51
8 52
8 112
8 113
8 114
8 115
8 116
9 10
9 11
9 12
9 13
9 14
9 15
9 16
9 18
9 49
9 50
9 51
9 52
9 110
9 111
9 112
9 113
9 114
9 115
9 116
10 11
10 12
10 13
10 14
10 15
10 16
10 17
10 18
10 19
10 50
10 51
10 52
10 53
10 96
10 109
10 110
10 111
10 112
10 113
10 114
10 115
10 116
11 12
11 13
11 14
11 15
11 16
11 17
11 18
11 50
11 51
11 52
11 53
11 94
11 95
11 96
11 107
11 108
11 109
11 110
11 111
11 112
11 113
11 114
11 115
12 13
12 14
12 15
12 16
12 17
12 18
12 19
12 26
12 27
12 50
12 51
12 52
12 53
12 54
12 55
12 56
12 58
12 68
12 92
12 93
12 94
12 95
12 96
12 106
12 107
12 108
12 109
12 110
12 111
12 112
12 113
12 114
12 115
12 116
13 14
13 15
13 16
13 17
13 18
13 19
13 20
13 25
13 26
13 52
13 53
13 54
13 55
13 56
13 58
13 68
13 92
13 93
13 94
13 95
13 108
13 109
13 110
13 111
13 112
13 113
13 115
14 15
14 16
14 17
14 18
14 19
14 20
14 21
14 25
14 26
14 52
14 54
14 109
14 110
14 111
14 112
14 113
14 114
14 115
15 16
15 17
15 18
15 19
15 20
15 21
15 22
15 24
15 25
15 26
15 27
15 51
15 52
15 53
15 54
15 55
15 94
15 95
15 96
15 109
15 110
15 111
15 112
15 113
15 114
15 115
15 116
15 117
15 118
16 17
16 18
16 19
16 20
16 21
16 22
16 23
16 24
16 25
16 26
16 27
16 28
16 52
16 53
16 54
16 55
16 56
16 68
16 94
16 109
16 113
16 114
16 115
16 116
16 117
16 118
17 18
17 19
17 20
17 21
17 22
17 23
17 24
17 25
17 26
17 54
17 115
17 116
17 117
18 19
18 20
18 21
18 22
18 23
18 24
18 25
18 26
18 27
18 52
18 114
18 115
18 116
18 117
18 118
19 20
19 21
19 22
19 23
19 24
19 25
19 26
19 27
19 28
19 52
19 53
19 54
19 114
19 115
19 116
19 117
19 118
19 119
20 21
20 22
20 23
20 24
20 25
20 26
20 27
20 54
20 68
20 115
20 116
20 117
20 118
20 119
21 22
21 23
21 24
21 25
21 26
21 117
22 23
22 24
22 25
22 26
22 116
22 117
22 118
22 119
23 24
23 25
23 26
23 117
23 118
23 119
23 120
24 25
24 26
24 27
24 28
24 29
24 54
24 68
24 115
24 116
24 117
24 118
24 119
24 120
24 121
25 26
25 27
25 28
25 29
25 30
25 52
25 53
25 54
25 55
25 67
25 68
25 69
25 115
25 116
25 117
25 118
25 119
25 120
26 27
26 28
26 29
26 30
26 31
26 51
26 52
26 53
26 54
26 55
26 56
26 67
26 68
26 69
26 94
26 95
26 96
26 114
26 115
26 116
26 117
26 118
26 119
26 120
27 28
27 29
27 30
27 31
27 32
27 33
27 36
27 37
27 40
27 41
27 51
27 52
27 53
27 54
27 55
27 67
27 68
27 69
27 95
27 96
27 97
27 114
27 115
27 116
27 117
27 118
27 119
27 120
28 29
28 30
28 31
28 32
28 33
28 36
28 37
28 40
28 52
28 53
28 54
28 55
28 56
28 65
28 66
28 67
28 68
28 69
28 70
28 71
28 72
28 73
28 95
28 96
28 97
28 104
28 115
28 116
28 117
28 118
28 119
28 120
29 30
29 31
29 32
29 33
29 34
29 35
29 36
29 37
29 40
29 53
29 54
29 55
29 66
29 67
29 68
29 69
29 70
29 71
29 72
29 73
29 116
29 117
29 118
29 119
29 120
29 121
30 31
30 32
30 33
30 34
30 35
30 36
30 37
30 38
30 39
30 40
30 41
30 53
30 54
30 67
30 68
30 69
30 71
30 116
30 117
30 118
30 119
30 120
30 121
31 32
31 33
31 34
31 35
31 36
31 37
31 38
31 39
31 40
31 41
31 52
31 53
31 54
31 55
31 67
31 68
31 69
31 71
31 73
31 77
31 78
31 79
31 80
31 95
31 96
31 97
31 103
31 104
31 116
31 117
31 118
31 120
32 33
32 34
32 35
32 36
32 37
32 38
32 39
32 40
32 41
32 53
32 54
32 55
32 67
32 69
32 71
32 72
32 73
32 74
32 77
32 78
32 79
33 34
33 35
33 36
33 37
33 38
33 39
33 40
33 41
33 79
33 120
34 35
34 36
34 37
34 38
34 39
34 40
34 41
34 78
34 79
35 36
35 37
35 38
35 39
35 40
35 41
35 42
36 37
36 38
36 39
36 40
36 41
36 42
36 43
36 118
36 120
37 38
37 39
37 40
37 41
37 42
37 43
37 44
37 45
37 53
37 78
37 79
37 97
37 102
37 103
37 104
37 116
37 118
38 39
38 40
38 41
38 42
38 43
38 44
38 45
38 79
38 102
38 103
39 40
39 41
39 42
39 43
39 44
39 45
39 46
40 41
40 42
40 43
40 44
40 45
40 46
40 47
40 51
40 53
40 97
40 102
40 103
40 115
40 116
40 117
40 118
41 42
41 43
41 44
41 45
41 46
41 47
41 48
41 49
41 50
41 51
41 53
41 79
41 96
41 97
41 98
41 99
41 101
41 102
41 103
41 104
41 116
42 43
42 44
42 45
42 46
42 47
42 48
42 97
42 102
42 103
43 44
43 45
43 46
43 47
43 48
43 49
43 50
43 51
43 97
43 99
43 102
43 116
44 45
44 46
44 47
44 48
44 49
44 50
44 51
44 52
44 53
44 96
44 97
44 98
44 99
44 100
44 101
44 102
44 103
44 104
44 114
44 115
44 116
45 46
45 47
45 48
45 49
45 50
45 51
45 97
45 98
45 99
45 100
45 101
45 102
45 103
46 47
46 48
46 49
46 50
46 99
46 102
47 48
47 49
47 50
47 51
47 97
47 98
47 99
47 100
47 102
47 114
48 49
48 50
48 51
48 97
48 98
48 99
48 100
48 101
48 102
48 103
48 113
48 114
49 50
49 51
49 52
49 96
49 97
49 98
49 99
49 100
49 101
49 102
49 103
49 112
49 113
49 114
49 115
49 116
50 51
50 52
50 53
50 95
50 96
50 97
50 98
50 99
50 100
50 101
50 102
50 103
50 104
50 105
50 106
50 107
50 111
50 112
50 113
50 114
50 115
50 116
51 52
51 53
51 54
51 55
51 94
51 95
51 96
51 97
51 98
51 99
51 100
51 102
51 103
51 104
51 105
51 106
51 107
51 111
51 112
51 113
51 114
51 115
51 116
51 117
52 53
52 54
52 55
52 56
52 67
52 93
52 94
52 95
52 96
52 97
52 98
52 99
52 102
52 103
52 104
52 105
52 106
52 107
52 108
52 109
52 110
52 111
52 112
52 113
52 114
52 115
52 116
52 117
53 54
53 55
53 56
53 65
53 66
53 67
53 68
53 69
53 73
53 79
53 93
53 94
53 95
53 96
53 97
53 98
53 103
53 104
53 105
53 106
53 107
53 109
53 113
53 114
53 115
53 116
53 117
53 118
54 55
54 56
54 57
54 58
54 65
54 66
54 67
54 68
54 69
54 70
54 71
54 72
54 73
54 93
54 94
54 95
54 96
54 97
54 104
54 105
54 106
54 109
54 115
54 116
54 117
54 118
55 56
55 57
55 58
55 59
55 60
55 61
55 63
55 64
55 65
55 66
55 67
55 68
55 69
55 70
55 71
55 72
55 73
55 74
55 75
55 79
55 80
55 92
55 93
55 94
55 95
55 96
55 97
55 104
55 105
55 106
55 107
55 109
55 116
56 57
56 58
56 59
56 60
56 61
56 62
56 63
56 64
56 65
56 66
56 67
56 68
56 69
56 70
56 71
56 72
56 73
56 74
56 75
56 85
56 89
56 91
56 92
56 93
56 94
56 95
56 96
56 104
56 105
56 106
56 107
56 108
56 109
57 58
57 59
57 60
57 61
57 62
57 63
57 64
57 65
57 66
57 67
57 68
57 70
57 71
57 72
57 73
57 74
57 75
57 85
57 87
57 88
57 89
57 90
57 91
57 92
57 93
57 94
57 95
57 106
57 107
57 108
57 109
58 59
58 60
58 61
58 62
58 63
58 64
58 65
58 66
58 67
58 68
58 70
58 89
58 90
58 91
58 92
58 93
58 94
58 95
58 108
58 109
59 60
59 61
59 62
59 63
59 64
59 65
59 66
59 67
59 68
59 70
59 71
59 72
59 92
59 93
59 94
60 61
60 62
60 63
60 64
60 65
60 66
60 67
60 70
60 72
60 89
60 90
60 91
60 92
60 93
61 62
61 63
61 64
61 65
61 66
61 88
61 89
61 90
61 91
61 92
61 93
61 94
62 63
62 64
62 65
62 66
62 75
62 85
62 86
62 87
62 88
62 89
62 90
62 91
62 92
62 93
62 94
62 106
63 64
63 65
63 66
63 72
63 73
63 74
63 75
63 76
63 77
63 84
63 85
63 86
63 87
63 88
63 89
63 90
63 91
63 92
63 93
63 94
63 95
63 105
63 106
63 107
64 65
64 66
64 67
64 70
64 71
64 72
64 73
64 74
64 75
64 76
64 85
64 89
64 90
64 91
64 92
64 93
64 94
64 95
64 106
65 66
65 67
65 68
65 69
65 70
65 71
65 72
65 73
65 74
65 75
65 76
65 77
65 80
65 85
65 89
65 92
65 93
65 94
65 95
65 104
65 105
65 106
65 107
66 67
66 68
66 69
66 70
66 71
66 72
66 73
66 74
66 75
66 93
66 94
66 95
66 106
67 68
67 69
67 70
67 71
67 72
67 73
67 74
67 75
67 94
67 95
67 96
68 69
68 70
68 71
68 72
68 73
68 94
68 95
68 117
68 118
69 70
69 71
69 72
69 73
69 118
69 119
69 120
70 71
70 72
70 73
71 72
71 73
71 74
72 73
72 74
72 75
72 76
72 77
73 74
73 75
73 76
73 77
73 78
73 79
73 80
73 85
73 94
73 95
73 104
73 105
73 106
74 75
74 76
74 77
74 78
74 79
74 80
74 84
74 85
74 104
75 76
75 77
75 78
75 79
75 80
75 81
75 82
75 83
75 84
75 85
75 86
75 95
75 104
75 105
75 106
76 77
76 78
76 79
76 80
76 81
76 82
76 83
76 84
76 85
76 86
76 104
76 105
77 78
77 79
77 80
77 81
77 82
77 83
77 84
77 85
77 103
77 104
77 105
78 79
78 80
78 81
78 82
78 83
78 84
78 85
78 103
78 104
78 105
79 80
79 81
79 82
79 83
79 84
79 85
79 95
79 96
79 97
79 98
79 101
79 102
79 103
79 104
79 105
79 106
80 81
80 82
80 83
80 84
80 85
80 86
80 95
80 96
80 97
80 98
80 100
80 101
80 102
80 103
80 104
80 105
80 106
81 82
81 83
81 84
81 85
81 86
81 95
81 96
81 97
81 98
81 99
81 100
81 101
81 102
81 103
81 104
81 105
81 106
82 83
82 84
82 85
82 86
82 98
82 100
82 101
82 102
82 103
82 104
82 105
82 106
83 84
83 85
83 86
83 87
83 101
83 103
83 104
83 105
83 106
84 85
84 86
84 87
84 88
84 89
84 93
84 95
84 96
84 97
84 98
84 100
84 101
84 103
84 104
84 105
84 106
84 107
85 86
85 87
85 88
85 89
85 93
85 94
85 95
85 96
85 97
85 98
85 103
85 104
85 105
85 106
85 107
85 108
86 87
86 88
86 89
86 90
86 91
86 93
86 94
86 95
86 104
86 105
86 106
86 107
86 108
87 88
87 89
87 90
87 91
87 92
87 93
87 94
87 95
87 105
87 106
87 107
87 108
87 109
88 89
88 90
88 91
88 92
88 93
88 94
88 106
88 107
88 108
89 90
89 91
89 92
89 93
89 94
89 106
89 107
89 108
90 91
90 92
90 93
90 108
91 92
91 93
91 94
91 106
91 107
91 108
91 109
91 110
92 93
92 94
92 95
92 106
92 107
92 108
92 109
92 110
93 94
93 95
93 96
93 105
93 106
93 107
93 108
93 109
93 110
93 111
94 95
94 96
94 97
94 98
94 104
94 105
94 106
94 107
94 108
94 109
94 110
94 111
94 112
94 113
95 96
95 97
95 98
95 103
95 104
95 105
95 106
95 107
95 108
95 109
95 110
95 111
95 113
95 115
96 97
96 98
96 99
96 100
96 101
96 102
96 103
96 104
96 105
96 106
96 107
96 108
96 109
96 110
96 111
96 112
96 113
96 114
96 115
96 116
97 98
97 99
97 100
97 101
97 102
97 103
97 104
97 105
97 106
97 107
97 113
97 114
97 115
97 116
98 99
98 100
98 101
98 102
98 103
98 104
98 105
98 106
98 107
98 113
98 114
99 100
99 101
99 102
99 103
99 104
99 105
99 113
99 114
100 101
100 102
100 103
100 104
100 105
101 102
101 103
101 104
101 105
102 103
102 104
102 105
103 104
103 105
103 106
104 105
104 106
104 107
105 106
105 107
105 108
105 109
106 107
106 108
106 109
106 111
107 108
107 109
107 110
107 111
107 112
107 113
108 109
108 110
108 111
108 112
108 113
109 110
109 111
109 112
109 113
110 111
110 112
110 113
111 112
111 113
111 114
112 113
112 114
112 115
113 114
113 115
113 116
114 115
114 116
114 117
115 116
115 117
115 118
116 117
116 118
116 119
117 118
117 119
117 120
118 119
118 120
118 121
119 120
119 121
119 122
120 121
120 122
121 122