95
0 1
0 2
0 3
0 27
0 28
0 29
0 30
0 31
0 32
0 33
0 79
0 80
0 81
0 82
1 2
1 3
1 4
1 26
1 27
1 28
1 29
1 30
1 31
1 32
1 33
1 78
1 79
1 80
1 81
1 82
1 83
2 3
2 4
2 5
2 6
2 25
2 26
2 27
2 28
2 29
2 30
2 31
2 32
2 33
2 34
2 77
2 78
2 79
2 80
2 81
2 82
2 83
2 84
2 85
3 4
3 5
3 6
3 7
3 24
3 25
3 26
3 27
3 28
3 29
3 30
3 31
3 32
3 33
3 34
3 35
3 75
3 76
3 77
3 78
3 79
3 80
3 81
3 82
3 83
3 84
3 85
3 86
4 5
4 6
4 7
4 23
4 24
4 25
4 26
4 27
4 28
4 29
4 30
4 33
4 34
4 35
4 75
4 76
4 77
4 78
4 79
4 81
4 82
4 83
4 84
4 85
4 86
5 6
5 7
5 8
5 9
5 23
5 24
5 25
5 26
5 27
5 28
5 29
5 35
5 74
5 75
5 76
5 77
5 78
5 82
5 83
5 84
5 85
5 86
5 87
5 88
6 7
6 8
6 9
6 10
6 22
6 23
6 24
6 25
6 26
6 27
6 33
6 34
6 35
6 36
6 37
6 56
6 57
6 58
6 74
6 75
6 76
6 77
6 78
6 83
6 84
6 85
6 86
6 87
6 88
7 8
7 9
7 10
7 21
7 22
7 23
7 24
7 25
7 26
7 27
7 57
7 74
7 75
7 76
7 77
7 84
7 85
7 86
7 87
7 88
7 89
8 9
8 10
8 11
8 21
8 22
8 23
8 24
8 25
8 26
8 57
8 58
8 74
8 75
8 86
8 87
8 88
8 89
9 10
9 11
9 12
9 20
9 21
9 22
9 23
9 24
9 25
9 26
9 37
9 38
9 57
9 58
9 59
9 72
9 73
9 74
9 75
9 76
9 85
9 86
9 87
9 88
9 89
9 90
10 11
10 12
10 13
10 19
10 20
10 21
10 22
10 23
10 24
10 37
10 57
10 58
10 59
10 60
10 72
10 73
10 74
10 75
10 86
10 87
10 88
10 89
10 90
10 91
10 93
11 12
11 13
11 14
11 18
11 19
11 20
11 21
11 22
11 23
11 37
11 39
11 57
11 58
11 59
11 60
11 61
11 65
11 71
11 72
11 73
11 74
11 75
11 88
11 89
11 90
11 91
11 92
11 93
11 94
12 13
12 14
12 15
12 16
12 17
12 18
12 19
12 20
12 21
12 22
12 23
12 58
12 59
12 60
12 61
12 65
12 91
12 92
12 93
12 94
13 14
13 15
13 16
13 17
13 18
13 19
13 20
13 21
13 22
13 59
13 60
13 61
13 63
13 64
13 65
13 66
13 67
13 91
13 92
13 93
13 94
14 15
14 16
14 17
14 18
14 19
14 20
14 21
14 60
14 64
14 65
14 93
14 94
15 16
15 17
15 18
15 19
15 20
15 64
15 65
15 66
15 67
15 93
15 94
16 17
16 18
16 19
16 63
16 64
16 65
16 66
16 67
17 18
17 19
17 20
17 60
17 61
17 62
17 63
17 64
17 65
17 66
17 93
18 19
18 20
18 21
18 49
18 59
18 60
18 61
18 62
18 63
18 64
18 65
18 66
18 67
18 93
19 20
19 21
19 22
19 37
19 39
19 49
19 58
19 59
19 60
19 61
19 62
19 63
19 64
19 65
19 66
19 67
19 71
19 73
19 92
19 93
19 94
20 21
20 22
20 23
20 37
20 38
20 39
20 49
20 50
20 51
20 55
20 57
20 58
20 59
20 60
20 61
20 62
20 63
20 64
20 65
20 73
20 93
21 22
21 23
21 24
21 35
21 36
21 37
21 38
21 39
21 49
21 50
21 51
21 55
21 56
21 57
21 58
21 59
21 60
21 61
21 73
21 74
21 75
21 89
21 93
22 23
22 24
22 25
22 35
22 36
22 37
22 49
22 51
22 55
22 56
22 57
22 58
22 59
22 60
22 61
22 73
22 74
22 75
22 86
23 24
23 25
23 26
23 35
23 36
23 37
23 51
23 55
23 56
23 57
23 58
23 59
23 73
23 74
23 75
23 76
23 77
23 85
23 86
23 87
23 88
23 89
24 25
24 26
24 27
24 28
24 35
24 55
24 56
24 57
24 58
24 75
24 76
24 77
24 86
25 26
25 27
25 28
25 29
25 33
25 34
25 35
25 36
25 51
25 55
25 56
25 57
25 58
25 75
25 76
25 77
25 78
25 84
25 85
25 86
26 27
26 28
26 29
26 30
26 33
26 35
26 56
26 57
26 77
26 84
26 86
27 28
27 29
27 30
27 31
27 33
27 77
28 29
28 30
28 31
28 32
28 33
28 79
29 30
29 31
29 32
29 33
29 34
29 77
29 78
29 79
29 80
29 81
29 82
30 31
30 32
30 33
30 79
30 80
30 81
31 32
31 33
31 34
31 77
31 78
31 79
31 80
31 81
31 82
32 33
32 34
32 35
32 53
32 56
32 77
32 78
32 79
32 80
32 81
32 82
33 34
33 35
33 36
33 50
33 51
33 52
33 53
33 56
33 57
33 76
33 77
33 78
33 79
33 80
33 81
33 82
33 83
33 84
34 35
34 36
34 37
34 48
34 49
34 50
34 51
34 52
34 53
34 54
34 55
34 56
34 57
34 58
34 59
34 75
34 76
34 77
34 78
34 79
34 80
34 81
34 82
34 83
34 84
34 85
35 36
35 37
35 38
35 48
35 49
35 50
35 51
35 52
35 53
35 55
35 56
35 57
35 58
35 59
35 74
35 75
35 76
35 77
35 78
35 79
35 83
35 84
35 85
35 86
36 37
36 38
36 39
36 46
36 47
36 48
36 49
36 50
36 51
36 52
36 53
36 56
36 57
36 58
36 59
36 60
36 61
36 73
36 74
36 75
36 76
36 77
36 78
36 79
36 83
36 84
36 85
36 86
37 38
37 39
37 40
37 45
37 46
37 47
37 48
37 49
37 50
37 51
37 52
37 56
37 57
37 58
37 59
37 60
37 61
37 62
37 72
37 73
37 74
37 75
37 76
37 77
37 78
37 85
37 86
37 87
37 88
37 89
38 39
38 40
38 41
38 44
38 45
38 46
38 47
38 48
38 49
38 50
38 51
38 59
38 60
38 61
38 62
38 71
38 72
38 73
38 74
38 75
38 76
38 77
38 85
38 86
38 87
38 88
38 89
38 90
39 40
39 41
39 42
39 43
39 44
39 45
39 46
39 47
39 48
39 49
39 50
39 59
39 60
39 61
39 62
39 63
39 65
39 70
39 71
39 72
39 73
39 74
39 75
39 76
39 88
39 89
39 90
39 91
40 41
40 42
40 43
40 44
40 45
40 46
40 47
40 48
40 49
40 61
40 63
40 65
40 66
40 69
40 70
40 71
40 72
40 73
40 74
40 88
40 89
40 90
40 91
40 92
41 42
41 43
41 44
41 45
41 46
41 47
41 65
41 66
41 67
41 68
41 69
41 70
41 71
41 72
41 73
41 89
41 90
41 91
41 92
41 93
42 43
42 44
42 45
42 46
42 69
42 70
42 71
42 72
42 73
42 90
42 91
43 44
43 45
43 46
43 69
43 70
43 71
43 72
44 45
44 46
44 47
44 63
44 69
44 70
44 71
44 72
45 46
45 47
45 48
45 49
45 63
45 71
45 72
45 73
46 47
46 48
46 49
46 61
46 62
46 63
46 64
46 65
46 71
46 72
46 73
46 74
47 48
47 49
47 50
47 59
47 60
47 61
47 62
47 63
47 64
47 73
48 49
48 50
48 51
48 59
48 60
48 61
48 62
48 63
48 73
48 74
48 75
48 76
49 50
49 51
49 52
49 56
49 57
49 58
49 59
49 60
49 61
49 62
49 63
49 73
49 74
49 75
49 76
49 77
50 51
50 52
50 53
50 54
50 55
50 56
50 57
50 58
50 59
50 60
50 61
50 62
50 75
50 76
50 77
50 78
51 52
51 53
51 54
51 55
51 56
51 57
51 58
51 59
51 60
51 61
51 75
51 76
51 77
51 78
52 53
52 54
52 55
52 56
52 57
52 58
52 59
52 60
52 61
53 54
53 55
53 56
53 57
53 58
53 59
54 55
54 56
54 57
54 58
54 59
55 56
55 57
55 58
55 59
55 60
56 57
56 58
56 59
56 60
56 75
56 76
56 77
56 78
57 58
57 59
57 60
57 75
57 76
57 77
58 59
58 60
58 61
58 74
58 75
59 60
59 61
59 62
59 73
59 74
59 75
59 76
60 61
60 62
60 63
60 64
60 65
61 62
61 63
61 64
61 65
61 73
62 63
62 64
62 65
63 64
63 65
63 66
64 65
64 66
64 67
64 93
65 66
65 67
65 68
65 69
65 70
65 71
65 92
65 93
65 94
66 67
66 68
66 69
66 70
66 71
66 91
66 92
66 93
66 94
67 68
67 69
67 70
67 71
67 91
67 92
67 93
67 94
68 69
68 70
68 71
68 91
68 92
68 93
68 94
69 70
69 71
69 72
69 90
69 91
69 92
69 93
69 94
70 71
70 72
70 73
70 89
70 90
70 91
70 92
70 93
70 94
71 72
71 73
71 74
71 88
71 89
71 90
71 91
71 92
71 93
71 94
72 73
72 74
72 75
72 86
72 87
72 88
72 89
72 90
72 91
72 92
72 93
73 74
73 75
73 76
73 85
73 86
73 87
73 88
73 89
73 90
73 91
73 92
73 93
74 75
74 76
74 77
74 84
74 85
74 86
74 87
74 88
74 89
74 90
74 91
75 76
75 77
75 78
75 83
75 84
75 85
75 86
75 87
75 88
75 89
76 77
76 78
76 79
76 82
76 83
76 84
76 85
76 86
76 87
76 88
77 78
77 79
77 80
77 81
77 82
77 83
77 84
77 85
77 86
77 87
78 79
78 80
78 81
78 82
78 83
78 84
78 85
78 86
79 80
79 81
79 82
79 83
79 84
80 81
80 82
80 83
80 84
81 82
81 83
81 84
82 83
82 84
82 85
83 84
83 85
83 86
84 85
84 86
84 87
84 88
85 86
85 87
85 88
85 89
86 87
86 88
86 89
87 88
87 89
87 90
88 89
88 90
88 91
89 90
89 91
89 92
89 93
90 91
90 92
90 93
91 92
91 93
91 94
92 93
92 94
93 94