110
0 1
0 2
0 3
0 22
0 23
0 24
0 25
0 26
0 44
0 45
0 46
0 47
0 48
0 49
0 50
0 68
0 69
0 70
0 71
0 72
0 73
0 74
0 80
0 81
0 82
0 83
1 2
1 3
1 4
1 5
1 6
1 7
1 26
1 43
1 44
1 45
1 46
1 47
1 48
1 49
1 63
1 66
1 67
1 68
1 69
1 70
1 71
1 72
1 73
1 81
1 82
1 83
1 84
2 3
2 4
2 5
2 6
2 7
2 8
2 9
2 10
2 22
2 26
2 43
2 44
2 45
2 46
2 47
2 48
2 59
2 60
2 63
2 64
2 66
2 67
2 68
2 69
2 70
2 71
2 72
2 73
2 82
3 4
3 5
3 6
3 7
3 8
3 9
3 10
3 43
3 44
3 45
3 46
3 47
3 60
3 63
3 64
3 67
3 68
3 69
3 70
3 71
3 72
4 5
4 6
4 7
4 8
4 9
4 10
4 11
4 43
4 44
4 45
4 60
4 61
4 63
4 64
4 67
4 68
4 69
4 70
5 6
5 7
5 8
5 9
5 10
5 11
5 12
5 41
5 42
5 43
5 44
5 45
5 60
5 68
6 7
6 8
6 9
6 10
6 11
6 12
6 13
6 26
6 27
6 28
6 29
6 40
6 41
6 42
6 43
6 44
6 45
6 46
6 47
6 60
6 63
6 68
7 8
7 9
7 10
7 11
7 12
7 13
7 14
7 28
7 41
7 43
7 44
7 45
7 56
7 57
7 58
7 59
7 60
7 61
7 62
7 63
7 64
7 68
8 9
8 10
8 11
8 12
8 13
8 14
8 15
8 41
8 43
8 56
8 57
8 60
8 61
8 63
8 64
9 10
9 11
9 12
9 13
9 14
9 15
9 16
9 27
9 28
9 29
9 30
9 39
9 40
9 41
9 42
9 43
9 44
9 56
9 57
9 60
10 11
10 12
10 13
10 14
10 15
10 16
10 17
10 18
10 19
10 20
10 21
10 22
10 27
10 28
10 29
10 30
10 39
10 40
10 41
10 42
10 43
10 53
10 55
10 56
10 57
10 58
10 59
10 60
10 61
10 63
11 12
11 13
11 14
11 15
11 16
11 17
11 18
11 19
11 20
11 28
11 30
11 39
11 55
11 56
11 57
11 58
11 59
11 60
11 61
11 63
11 64
12 13
12 14
12 15
12 16
12 17
12 18
12 19
12 20
12 28
12 29
12 30
12 31
12 37
12 38
12 39
12 40
12 41
12 56
12 57
12 60
13 14
13 15
13 16
13 17
13 18
13 19
13 20
13 21
13 22
13 28
13 29
13 30
13 31
13 32
13 37
13 38
13 39
13 40
13 41
13 55
13 56
13 57
13 60
13 101
14 15
14 16
14 17
14 18
14 19
14 20
14 21
14 28
14 29
14 30
14 31
14 32
14 33
14 37
14 38
14 39
14 53
14 54
14 55
14 56
14 57
14 58
14 59
14 60
14 61
14 99
14 100
14 101
15 16
15 17
15 18
15 19
15 20
15 30
15 31
15 32
15 33
15 37
15 38
15 39
15 55
15 56
15 57
15 58
16 17
16 18
16 19
16 20
16 29
16 30
16 31
16 32
16 33
16 34
16 35
16 36
16 37
16 38
16 39
16 40
16 55
16 56
16 57
16 100
16 101
17 18
17 19
17 20
17 21
17 29
17 30
17 31
17 32
17 33
17 34
17 35
17 36
17 37
17 38
17 39
17 53
17 54
17 55
17 56
17 57
17 99
17 100
17 101
17 102
18 19
18 20
18 21
18 30
18 31
18 32
18 33
18 52
18 53
18 54
18 55
18 56
18 57
18 58
18 59
18 60
18 98
18 99
18 100
18 101
19 20
19 21
19 22
19 29
19 30
19 31
19 32
19 33
19 51
19 52
19 53
19 54
19 55
19 56
19 57
19 58
19 59
19 60
19 93
19 94
19 95
19 96
19 97
19 98
19 99
19 100
19 101
19 102
20 21
20 22
20 23
20 28
20 29
20 30
20 31
20 32
20 33
20 39
20 40
20 50
20 51
20 52
20 53
20 54
20 55
20 56
20 57
20 59
20 60
20 93
20 94
20 95
20 96
20 97
20 98
20 99
20 100
20 101
20 102
20 103
21 22
21 23
21 24
21 27
21 28
21 29
21 30
21 31
21 47
21 49
21 50
21 51
21 52
21 53
21 54
21 55
21 56
21 93
21 94
21 95
21 96
21 97
21 98
21 99
21 100
21 101
21 102
21 103
21 104
22 23
22 24
22 25
22 26
22 27
22 28
22 29
22 30
22 40
22 45
22 46
22 47
22 48
22 49
22 50
22 51
22 52
22 53
22 54
22 56
22 93
22 94
22 96
22 99
22 101
22 102
22 103
23 24
23 25
23 26
23 27
23 28
23 29
23 30
23 45
23 46
23 47
23 48
23 49
23 50
23 51
23 52
23 53
23 101
23 102
23 103
23 104
23 105
24 25
24 26
24 27
24 28
24 29
24 43
24 45
24 46
24 47
24 48
24 49
24 50
24 51
24 52
24 73
25 26
25 27
25 28
25 29
25 41
25 42
25 43
25 44
25 45
25 46
25 47
25 48
25 49
25 50
26 27
26 28
26 29
26 40
26 41
26 42
26 43
26 44
26 45
26 46
26 47
26 48
26 49
27 28
27 29
27 30
27 39
27 40
27 41
27 42
27 43
27 44
27 45
27 46
27 47
27 48
27 50
27 104
27 105
28 29
28 30
28 31
28 38
28 39
28 40
28 41
28 42
28 43
28 44
28 45
28 46
28 47
28 50
28 101
28 102
28 103
28 104
28 105
28 106
29 30
29 31
29 32
29 37
29 38
29 39
29 40
29 41
29 42
29 43
29 100
29 101
29 102
29 103
29 104
29 105
29 106
30 31
30 32
30 33
30 34
30 35
30 36
30 37
30 38
30 39
30 40
30 41
30 52
30 53
30 56
30 99
30 100
30 101
30 102
30 103
30 104
30 105
30 106
31 32
31 33
31 34
31 35
31 36
31 37
31 38
31 39
31 40
31 99
31 100
31 101
31 102
31 103
31 104
31 105
31 106
32 33
32 34
32 35
32 36
32 37
32 38
32 39
32 99
32 100
32 101
32 102
33 34
33 35
33 36
33 37
33 38
33 98
33 99
33 100
33 101
33 102
34 35
34 36
34 37
34 38
34 100
34 101
34 102
35 36
35 37
35 38
35 39
35 100
35 101
35 102
35 106
36 37
36 38
36 39
37 38
37 39
37 40
37 101
37 102
37 106
38 39
38 40
38 41
38 100
38 101
38 102
38 104
38 105
38 106
38 107
38 108
39 40
39 41
39 42
39 101
39 102
39 104
39 105
39 106
39 107
39 108
40 41
40 42
40 43
40 101
40 102
40 104
40 105
40 106
40 107
40 108
41 42
41 43
41 44
41 45
41 105
41 106
42 43
42 44
42 45
42 46
42 47
42 105
43 44
43 45
43 46
43 47
44 45
44 46
44 47
45 46
45 47
45 48
45 69
45 71
45 72
46 47
46 48
46 49
46 50
46 71
46 72
46 73
47 48
47 49
47 50
47 51
47 71
47 72
47 73
47 74
48 49
48 50
48 51
48 71
48 72
48 73
48 74
49 50
49 51
49 52
49 72
49 73
49 74
49 75
49 78
49 79
49 80
49 81
49 93
50 51
50 52
50 53
50 72
50 73
50 74
50 78
50 79
50 80
50 93
50 94
50 95
50 96
51 52
51 53
51 54
51 56
51 72
51 73
51 74
51 75
51 78
51 79
51 80
51 81
51 91
51 92
51 93
51 94
51 95
51 96
51 99
51 101
52 53
52 54
52 55
52 56
52 59
52 74
52 78
52 79
52 80
52 91
52 92
52 93
52 94
52 95
52 96
52 97
52 98
52 99
52 100
52 101
53 54
53 55
53 56
53 57
53 58
53 59
53 60
53 79
53 80
53 91
53 92
53 93
53 94
53 95
53 96
53 97
53 98
53 99
53 100
53 101
54 55
54 56
54 57
54 58
54 59
54 60
54 91
54 92
54 93
54 94
54 95
54 96
54 97
54 98
54 99
54 100
54 101
55 56
55 57
55 58
55 59
55 60
55 61
55 62
55 91
55 92
55 93
55 94
55 98
55 99
55 100
56 57
56 58
56 59
56 60
56 61
56 62
56 63
56 91
56 92
56 93
56 94
56 99
57 58
57 59
57 60
57 61
57 62
57 63
57 64
58 59
58 60
58 61
58 62
58 63
58 64
58 65
58 91
58 92
59 60
59 61
59 62
59 63
59 64
59 65
59 66
59 72
59 80
59 81
59 82
59 89
59 90
59 91
59 92
59 93
59 94
60 61
60 62
60 63
60 64
60 65
60 66
60 68
60 72
60 82
60 91
61 62
61 63
61 64
61 65
61 66
61 91
62 63
62 64
62 65
62 66
62 67
62 68
62 70
62 72
62 81
62 82
62 84
62 88
62 89
62 90
62 91
63 64
63 65
63 66
63 67
63 68
63 69
63 70
63 71
63 72
63 81
63 82
63 83
63 84
63 88
63 89
63 90
63 91
64 65
64 66
64 67
64 68
64 69
64 70
64 82
64 84
64 89
65 66
65 67
65 68
65 69
65 70
65 82
65 83
65 84
65 85
65 87
65 88
65 89
66 67
66 68
66 69
66 70
66 71
66 72
66 82
66 83
66 84
66 85
66 86
66 87
66 88
66 89
67 68
67 69
67 70
67 71
67 72
67 82
67 83
67 84
67 85
67 86
67 87
67 88
67 89
68 69
68 70
68 71
68 72
68 82
68 83
68 84
68 85
69 70
69 71
69 72
69 82
69 83
69 84
69 85
70 71
70 72
70 73
70 81
70 82
70 83
70 84
70 85
70 86
70 87
70 88
70 89
71 72
71 73
71 74
71 75
71 80
71 81
71 82
71 83
71 84
71 85
71 87
71 88
71 89
71 90
72 73
72 74
72 75
72 79
72 80
72 81
72 82
72 83
72 84
72 88
72 89
72 90
72 91
73 74
73 75
73 76
73 77
73 78
73 79
73 80
73 81
73 82
73 83
73 84
73 88
73 89
73 90
73 91
73 92
73 93
74 75
74 76
74 77
74 78
74 79
74 80
74 81
74 82
74 83
74 89
74 90
74 91
74 92
74 93
75 76
75 77
75 78
75 79
75 80
75 81
75 82
75 83
75 88
75 89
75 90
75 91
75 92
75 93
76 77
76 78
76 79
76 80
76 81
76 90
76 93
77 78
77 79
77 80
77 81
77 90
77 91
77 92
77 93
78 79
78 80
78 81
78 90
78 91
78 92
78 93
78 94
78 95
79 80
79 81
79 82
79 89
79 90
79 91
79 92
79 93
79 94
79 95
80 81
80 82
80 83
80 88
80 89
80 90
80 91
80 92
80 93
80 94
81 82
81 83
81 84
81 87
81 88
81 89
81 90
81 91
81 92
81 93
82 83
82 84
82 85
82 86
82 87
82 88
82 89
82 90
82 91
82 92
83 84
83 85
83 86
83 87
83 88
83 89
83 90
83 91
84 85
84 86
84 87
84 88
84 89
84 90
85 86
85 87
85 88
85 89
86 87
86 88
86 89
87 88
87 89
87 90
88 89
88 90
88 91
89 90
89 91
89 92
90 91
90 92
90 93
91 92
91 93
91 94
92 93
92 94
92 95
93 94
93 95
93 96
93 97
93 98
93 99
94 95
94 96
94 97
94 98
94 99
94 100
95 96
95 97
95 98
95 99
95 100
96 97
96 98
96 99
96 100
96 101
96 102
96 103
97 98
97 99
97 100
97 101
98 99
98 100
98 101
99 100
99 101
99 102
99 103
100 101
100 102
100 103
101 102
101 103
101 104
101 105
101 106
102 103
102 104
102 105
102 106
102 107
103 104
103 105
103 106
104 105
104 106
104 107
105 106
105 107
105 108
106 107
106 108
106 109
107 108
107 109
108 109