255
0 1
0 2
0 3
0 32
0 33
0 56
0 57
0 58
0 59
1 2
1 3
1 4
1 31
1 32
1 33
1 34
1 56
1 57
1 58
1 59
2 3
2 4
2 5
2 27
2 28
2 29
2 30
2 31
2 32
2 33
2 34
2 35
2 56
2 57
2 58
2 59
2 60
2 61
2 235
2 238
2 239
3 4
3 5
3 6
3 24
3 27
3 28
3 30
3 31
3 32
3 33
3 34
3 35
3 36
3 53
3 54
3 56
3 57
3 58
3 59
3 60
3 61
3 62
3 235
3 238
4 5
4 6
4 7
4 23
4 24
4 26
4 27
4 28
4 30
4 31
4 32
4 33
4 34
4 35
4 36
4 37
4 50
4 53
4 54
4 56
4 57
4 58
4 59
4 60
4 61
4 62
4 63
4 80
4 81
4 82
4 230
4 231
4 234
4 235
4 238
5 6
5 7
5 8
5 20
5 23
5 24
5 27
5 32
5 33
5 34
5 35
5 36
5 37
5 38
5 46
5 49
5 50
5 52
5 53
5 54
5 56
5 57
5 58
5 59
5 60
5 61
5 62
5 63
5 64
5 80
5 81
5 82
5 231
5 234
5 235
6 7
6 8
6 9
6 10
6 11
6 16
6 17
6 19
6 20
6 21
6 23
6 24
6 27
6 32
6 33
6 34
6 35
6 36
6 37
6 38
6 39
6 46
6 49
6 50
6 53
6 58
6 59
6 60
6 61
6 62
6 63
6 64
6 65
6 81
6 82
6 83
6 84
6 227
6 230
6 231
6 234
7 8
7 9
7 10
7 11
7 16
7 17
7 19
7 20
7 34
7 35
7 36
7 37
7 38
7 39
7 40
7 41
7 42
7 43
7 45
7 46
7 47
7 48
7 49
7 50
7 53
7 60
7 61
7 62
7 63
7 64
7 65
7 66
7 81
7 82
7 83
7 84
7 85
8 9
8 10
8 11
8 12
8 13
8 14
8 15
8 16
8 17
8 18
8 19
8 20
8 35
8 36
8 37
8 38
8 39
8 40
8 41
8 42
8 45
8 46
8 49
8 61
8 62
8 63
8 64
8 65
8 66
8 83
8 84
8 85
8 227
9 10
9 11
9 12
9 13
9 14
9 15
9 16
9 17
9 20
9 36
9 37
9 38
9 39
9 40
9 41
9 42
9 43
9 45
9 46
9 62
9 63
9 64
9 65
9 66
9 67
9 84
9 85
10 11
10 12
10 13
10 14
10 15
10 16
10 17
10 20
10 36
10 37
10 38
10 39
10 40
10 41
10 42
10 63
10 64
10 65
10 66
10 155
10 156
11 12
11 13
11 14
11 15
11 16
11 17
11 18
11 20
11 36
11 37
11 38
11 39
11 40
11 41
11 64
12 13
12 14
12 15
12 16
12 17
12 18
12 20
12 38
12 40
12 156
12 181
13 14
13 15
13 16
13 17
13 18
13 19
13 20
13 38
13 40
13 64
13 155
13 156
13 157
13 179
13 180
13 181
13 204
13 206
13 223
14 15
14 16
14 17
14 18
14 19
14 20
14 21
14 179
14 180
14 181
14 204
14 205
14 206
14 207
14 208
14 209
14 223
14 224
15 16
15 17
15 18
15 19
15 20
15 21
15 64
15 85
15 96
15 129
15 155
15 179
15 180
15 181
15 203
15 204
15 205
15 206
15 207
15 208
15 209
15 220
15 221
15 222
15 223
15 224
15 226
15 227
16 17
16 18
16 19
16 20
16 21
16 22
16 23
16 36
16 38
16 62
16 63
16 64
16 65
16 84
16 85
16 204
16 206
16 221
16 222
16 223
16 224
16 226
16 227
17 18
17 19
17 20
17 21
17 22
17 23
17 24
17 36
17 38
17 64
17 204
17 206
17 207
17 223
17 224
17 226
17 227
18 19
18 20
18 21
18 22
18 23
18 24
18 204
18 205
18 206
18 207
18 208
18 220
18 221
18 222
18 223
18 224
18 225
18 226
18 227
18 228
19 20
19 21
19 22
19 23
19 24
19 25
19 26
19 62
19 63
19 64
19 84
19 85
19 94
19 95
19 96
19 204
19 206
19 220
19 221
19 222
19 223
19 224
19 225
19 226
19 227
19 228
19 229
19 230
19 231
19 249
20 21
20 22
20 23
20 24
20 25
20 26
20 27
20 34
20 35
20 36
20 37
20 62
20 63
20 64
20 84
20 222
20 223
20 224
20 225
20 226
20 227
20 228
20 229
20 230
20 231
21 22
21 23
21 24
21 25
21 26
21 27
21 28
21 34
21 36
21 223
21 224
21 225
21 226
21 227
21 228
21 231
22 23
22 24
22 25
22 26
22 27
22 28
22 29
22 34
22 222
22 223
22 224
22 225
22 226
22 227
22 228
22 229
22 230
22 231
22 232
23 24
23 25
23 26
23 27
23 28
23 29
23 30
23 32
23 33
23 34
23 35
23 36
23 61
23 62
23 84
23 223
23 224
23 225
23 226
23 227
23 228
23 229
23 230
23 231
23 232
23 233
23 234
23 235
24 25
24 26
24 27
24 28
24 29
24 30
24 31
24 32
24 33
24 34
24 35
24 36
24 62
24 224
24 227
24 228
24 229
24 230
24 231
24 232
25 26
25 27
25 28
25 29
25 30
25 31
25 32
25 33
25 34
25 224
25 227
25 228
25 231
25 232
26 27
26 28
26 29
26 30
26 31
26 32
26 33
26 34
26 224
26 225
26 226
26 227
26 228
26 229
26 230
26 231
26 232
26 233
26 234
26 235
26 236
27 28
27 29
27 30
27 31
27 32
27 33
27 34
27 35
27 59
27 60
27 61
27 62
27 227
27 228
27 229
27 230
27 231
27 232
27 233
27 234
27 235
27 236
28 29
28 30
28 31
28 32
28 33
28 34
28 35
28 228
28 231
28 232
28 235
29 30
29 31
29 32
29 33
29 34
29 228
29 231
29 232
29 235
30 31
30 32
30 33
30 34
30 231
30 232
30 233
30 234
30 235
30 236
30 238
30 239
31 32
31 33
31 34
31 59
31 231
31 235
32 33
32 34
32 35
32 58
32 59
32 60
32 61
32 231
32 232
32 234
32 235
32 238
33 34
33 35
33 36
33 58
33 59
33 60
33 61
34 35
34 36
34 37
34 58
34 59
34 60
34 61
34 62
34 231
35 36
35 37
35 38
35 49
35 53
35 58
35 59
35 60
35 61
35 62
35 63
36 37
36 38
36 39
36 49
36 53
36 58
36 61
36 62
36 63
36 64
37 38
37 39
37 40
37 41
37 45
37 46
37 47
37 48
37 49
37 50
37 52
37 53
37 61
37 62
37 63
37 64
38 39
38 40
38 41
38 42
38 43
38 44
38 45
38 46
38 47
38 48
38 49
38 50
38 62
38 63
38 64
38 65
39 40
39 41
39 42
39 43
39 44
39 45
39 46
39 47
39 48
39 49
39 50
39 63
39 64
39 65
39 66
39 67
39 68
39 69
40 41
40 42
40 43
40 44
40 45
40 46
40 49
40 63
40 64
40 65
40 66
40 67
40 68
41 42
41 43
41 44
41 45
41 46
41 47
41 63
41 64
41 65
41 66
41 67
41 68
41 69
41 126
42 43
42 44
42 45
42 46
42 47
42 48
42 49
42 64
42 65
42 66
42 67
42 68
42 69
42 70
43 44
43 45
43 46
43 47
43 48
43 49
43 50
43 63
43 64
43 65
43 66
43 67
43 68
43 69
43 70
43 71
43 72
43 73
43 74
44 45
44 46
44 47
44 48
44 49
44 50
44 51
44 68
44 69
44 70
44 73
44 74
45 46
45 47
45 48
45 49
45 50
45 51
45 52
45 68
45 69
45 73
46 47
46 48
46 49
46 50
46 51
46 52
46 53
46 61
46 62
46 63
46 64
46 65
46 66
46 68
46 69
46 70
46 73
46 74
47 48
47 49
47 50
47 51
47 52
47 53
47 54
47 63
47 68
47 69
47 70
47 71
47 72
47 73
47 74
47 75
47 76
47 77
48 49
48 50
48 51
48 52
48 53
48 54
48 55
48 73
48 74
49 50
49 51
49 52
49 53
49 54
49 55
49 56
49 58
49 61
49 63
49 73
49 74
50 51
50 52
50 53
50 54
50 55
50 56
50 57
50 58
50 59
50 60
50 61
50 62
50 63
50 73
50 74
50 75
50 76
50 77
50 80
50 81
51 52
51 53
51 54
51 55
51 56
51 57
51 58
51 61
51 73
51 74
51 75
51 76
51 77
52 53
52 54
52 55
52 56
52 57
52 58
52 61
53 54
53 55
53 56
53 57
53 58
53 59
53 60
53 61
53 62
53 76
53 77
53 80
53 81
54 55
54 56
54 57
54 58
54 59
54 60
54 61
54 74
54 75
54 76
54 77
54 80
54 81
55 56
55 57
55 58
55 59
55 76
56 57
56 58
56 59
56 60
57 58
57 59
57 60
57 61
57 76
57 77
57 80
58 59
58 60
58 61
58 62
58 77
58 80
58 81
58 238
59 60
59 61
59 62
59 77
59 79
59 80
59 81
59 82
59 234
59 235
59 236
59 237
59 238
59 239
60 61
60 62
60 63
60 76
60 77
60 78
60 79
60 80
60 81
60 82
60 83
60 92
60 230
60 231
60 232
60 233
60 234
60 235
60 236
60 237
60 238
60 239
61 62
61 63
61 64
61 65
61 74
61 76
61 77
61 78
61 79
61 80
61 81
61 82
61 83
61 84
61 91
61 92
61 93
61 230
61 231
61 233
61 234
61 235
61 237
61 238
62 63
62 64
62 65
62 74
62 77
62 78
62 79
62 80
62 81
62 82
62 83
62 84
62 85
62 86
62 91
62 92
62 93
62 94
62 226
62 227
62 228
62 229
62 230
62 231
62 232
62 233
62 234
62 235
62 238
63 64
63 65
63 66
63 69
63 74
63 77
63 80
63 81
63 82
63 83
63 84
63 85
63 86
63 87
63 88
63 91
63 92
63 93
63 94
63 95
63 227
63 230
63 231
63 234
64 65
64 66
64 67
64 68
64 69
64 81
64 82
64 83
64 84
64 85
64 86
64 87
64 88
64 92
64 93
64 94
64 95
64 226
64 227
64 230
65 66
65 67
65 68
65 69
65 70
65 71
65 74
65 81
65 82
65 83
65 84
65 85
65 86
65 87
65 88
65 91
65 92
65 93
65 94
65 95
65 96
65 126
65 127
65 128
66 67
66 68
66 69
66 70
66 83
66 84
66 85
66 86
66 87
66 88
66 95
66 125
66 126
66 127
66 128
66 129
66 130
67 68
67 69
67 70
67 71
67 85
67 86
67 87
67 88
67 124
67 125
67 126
67 127
67 128
67 129
67 130
67 131
68 69
68 70
68 71
68 72
68 73
68 74
68 86
68 88
68 125
68 126
68 127
69 70
69 71
69 72
69 73
69 74
69 75
69 83
69 84
69 85
69 86
69 87
69 88
69 89
70 71
70 72
70 73
70 74
70 75
70 83
70 86
70 87
70 88
70 89
70 91
71 72
71 73
71 74
71 75
71 76
71 77
71 78
71 81
71 83
71 87
71 88
71 89
71 90
71 91
72 73
72 74
72 75
72 76
72 77
72 78
72 88
72 89
72 90
72 91
73 74
73 75
73 76
73 77
73 78
73 81
73 88
74 75
74 76
74 77
74 78
74 79
74 80
74 81
74 82
74 83
74 88
74 89
74 90
74 91
74 92
75 76
75 77
75 78
75 79
75 80
75 81
75 88
75 89
75 90
75 91
76 77
76 78
76 79
76 80
76 81
76 91
77 78
77 79
77 80
77 81
77 82
77 83
77 90
77 91
77 92
77 234
77 237
77 238
77 244
78 79
78 80
78 81
78 82
78 83
78 88
78 89
78 90
78 91
78 92
78 93
78 234
78 237
78 238
78 243
78 244
78 245
79 80
79 81
79 82
79 83
79 90
79 91
79 92
79 93
79 233
79 234
79 235
79 236
79 237
79 238
79 239
79 240
79 241
79 242
79 243
79 244
79 245
80 81
80 82
80 83
80 90
80 91
80 92
80 93
80 230
80 231
80 233
80 234
80 235
80 236
80 237
80 238
80 239
80 240
80 242
80 243
80 244
81 82
81 83
81 84
81 87
81 88
81 90
81 91
81 92
81 93
81 94
81 230
81 231
81 232
81 233
81 234
81 235
81 236
81 237
81 238
81 243
81 244
81 245
82 83
82 84
82 85
82 86
82 87
82 88
82 89
82 90
82 91
82 92
82 93
82 94
82 95
82 226
82 227
82 229
82 230
82 231
82 232
82 233
82 234
82 235
82 236
82 237
82 238
82 243
82 244
82 245
82 246
82 247
83 84
83 85
83 86
83 87
83 88
83 89
83 90
83 91
83 92
83 93
83 94
83 95
83 96
83 226
83 227
83 229
83 230
83 231
83 233
83 234
83 244
83 245
83 246
83 247
83 248
84 85
84 86
84 87
84 88
84 91
84 92
84 93
84 94
84 95
84 96
84 128
84 223
84 225
84 226
84 227
84 228
84 229
84 230
84 231
84 233
84 234
84 246
84 247
84 248
84 249
85 86
85 87
85 88
85 92
85 93
85 94
85 95
85 96
85 97
85 98
85 126
85 127
85 128
85 129
85 221
85 222
85 223
85 226
85 227
85 230
85 246
85 247
85 248
85 249
86 87
86 88
86 89
86 91
86 92
86 93
86 94
86 95
86 96
86 97
86 98
86 126
86 127
86 128
86 129
86 132
86 226
86 246
86 247
86 248
86 249
87 88
87 89
87 90
87 91
87 92
87 93
87 94
87 95
87 96
87 127
87 128
87 244
87 245
87 246
87 247
87 248
88 89
88 90
88 91
88 92
88 93
88 94
88 95
88 244
88 245
88 246
89 90
89 91
89 92
89 93
89 244
89 245
89 246
90 91
90 92
90 93
90 243
90 244
90 245
90 246
91 92
91 93
91 94
91 230
91 233
91 234
91 237
91 243
91 244
91 245
91 246
91 247
92 93
92 94
92 95
92 229
92 230
92 231
92 232
92 233
92 234
92 235
92 236
92 237
92 238
92 242
92 243
92 244
92 245
92 246
92 247
92 248
93 94
93 95
93 96
93 226
93 227
93 229
93 230
93 231
93 232
93 233
93 234
93 243
93 244
93 245
93 246
93 247
93 248
93 249
94 95
94 96
94 97
94 221
94 222
94 223
94 224
94 225
94 226
94 227
94 228
94 229
94 230
94 231
94 232
94 233
94 234
94 244
94 245
94 246
94 247
94 248
94 249
94 250
95 96
95 97
95 98
95 99
95 128
95 129
95 221
95 222
95 223
95 225
95 226
95 227
95 229
95 230
95 245
95 246
95 247
95 248
95 249
95 250
95 251
96 97
96 98
96 99
96 100
96 101
96 102
96 128
96 129
96 132
96 133
96 203
96 204
96 219
96 220
96 221
96 222
96 223
96 224
96 225
96 226
96 227
96 229
96 246
96 247
96 248
96 249
96 250
96 251
96 252
97 98
97 99
97 100
97 101
97 102
97 103
97 104
97 128
97 129
97 132
97 133
97 136
97 203
97 204
97 219
97 220
97 221
97 222
97 223
97 226
97 247
97 248
97 249
97 250
97 251
97 252
98 99
98 100
98 101
98 102
98 103
98 104
98 105
98 127
98 128
98 129
98 130
98 131
98 132
98 133
98 134
98 135
98 136
98 137
98 178
98 179
98 202
98 203
98 204
98 219
98 220
98 221
98 222
98 248
98 249
98 250
98 251
98 252
99 100
99 101
99 102
99 103
99 104
99 105
99 106
99 127
99 128
99 129
99 130
99 131
99 132
99 133
99 134
99 135
99 136
99 137
99 138
99 139
99 140
99 178
99 203
99 219
99 221
99 248
99 249
99 250
99 251
100 101
100 102
100 103
100 104
100 105
100 106
100 107
100 132
100 133
100 134
100 135
100 136
100 137
100 139
100 140
100 203
100 219
100 220
100 221
100 248
100 249
100 250
100 251
100 252
100 253
101 102
101 103
101 104
101 105
101 106
101 107
101 108
101 128
101 129
101 132
101 133
101 134
101 135
101 136
101 137
101 140
101 176
101 177
101 178
101 179
101 201
101 202
101 203
101 204
101 205
101 218
101 219
101 220
101 221
101 222
101 249
101 250
101 251
101 252
101 253
101 254
102 103
102 104
102 105
102 106
102 107
102 108
102 109
102 119
102 121
102 128
102 129
102 130
102 131
102 132
102 133
102 134
102 135
102 136
102 137
102 138
102 139
102 140
102 141
102 176
102 177
102 178
102 179
102 201
102 202
102 203
102 204
102 217
102 218
102 219
102 220
102 221
102 250
102 251
102 252
102 253
103 104
103 105
103 106
103 107
103 108
103 109
103 110
103 132
103 133
103 134
103 135
103 136
103 137
103 138
103 139
103 140
103 141
103 143
103 144
103 176
103 178
103 202
103 203
103 219
103 251
103 252
103 253
104 105
104 106
104 107
104 108
104 109
104 110
104 111
104 133
104 136
104 137
104 140
104 176
104 201
104 202
104 203
104 217
104 218
104 219
104 220
104 221
104 250
104 251
104 252
104 253
104 254
105 106
105 107
105 108
105 109
105 110
105 111
105 112
105 114
105 117
105 119
105 133
105 136
105 137
105 140
105 174
105 175
105 176
105 177
105 178
105 199
105 200
105 201
105 202
105 203
105 204
105 205
105 216
105 217
105 218
105 219
105 220
105 221
105 251
105 252
105 253
105 254
106 107
106 108
106 109
106 110
106 111
106 112
106 113
106 114
106 115
106 116
106 117
106 118
106 119
106 133
106 134
106 136
106 137
106 138
106 139
106 140
106 141
106 143
106 144
106 146
106 174
106 175
106 176
106 177
106 178
106 200
106 201
106 202
106 203
106 217
106 218
106 219
106 253
107 108
107 109
107 110
107 111
107 112
107 113
107 114
107 115
107 117
107 136
107 137
107 140
107 141
107 143
107 144
107 176
107 201
107 217
107 219
107 253
108 109
108 110
108 111
108 112
108 113
108 114
108 115
108 117
108 140
108 174
108 176
108 199
108 200
108 201
108 202
108 216
108 217
108 218
108 219
108 252
108 253
108 254
109 110
109 111
109 112
109 113
109 114
109 115
109 116
109 117
109 118
109 137
109 140
109 141
109 173
109 174
109 175
109 176
109 198
109 199
109 200
109 201
109 202
109 216
109 217
109 218
109 219
109 253
110 111
110 112
110 113
110 114
110 115
110 116
110 117
110 140
110 141
110 144
110 145
110 146
110 173
110 174
110 175
110 176
110 199
111 112
111 113
111 114
111 115
111 144
112 113
112 114
112 115
112 116
112 117
112 173
112 174
112 199
112 217
113 114
113 115
113 116
113 117
113 172
113 173
113 174
113 199
114 115
114 116
114 117
114 118
114 141
114 144
114 146
114 147
114 171
114 172
114 173
114 174
114 175
114 176
114 197
114 198
114 199
114 200
114 201
115 116
115 117
115 118
115 140
115 141
115 144
115 145
115 146
115 147
115 148
115 149
115 171
115 172
115 173
115 174
115 175
115 199
116 117
116 118
116 119
116 141
116 144
116 145
116 146
116 147
116 148
116 149
116 150
116 167
116 168
116 169
116 170
116 171
116 172
116 173
116 174
116 175
116 176
116 198
116 199
116 200
117 118
117 119
117 120
117 137
117 138
117 140
117 141
117 144
117 145
117 146
117 147
117 148
117 149
117 150
117 167
117 168
117 169
117 170
117 171
117 172
117 173
117 174
117 175
117 176
117 177
117 198
117 199
117 200
117 201
118 119
118 120
118 121
118 134
118 137
118 138
118 141
118 146
118 147
118 148
118 149
118 150
118 151
118 152
118 163
118 164
118 165
118 166
118 167
118 168
118 169
118 170
118 171
118 172
118 173
118 174
118 175
118 176
118 177
118 178
118 186
118 198
118 199
118 200
118 201
118 202
119 120
119 121
119 122
119 130
119 133
119 134
119 135
119 136
119 137
119 138
119 140
119 141
119 147
119 148
119 149
119 150
119 151
119 152
119 153
119 160
119 163
119 164
119 165
119 166
119 167
119 168
119 169
119 172
119 173
119 174
119 175
119 176
119 177
119 178
119 179
119 182
119 183
119 186
119 200
119 201
119 202
119 203
120 121
120 122
120 123
120 129
120 130
120 133
120 134
120 137
120 148
120 149
120 150
120 151
120 152
120 153
120 154
120 155
120 156
120 157
120 159
120 160
120 161
120 162
120 163
120 164
120 165
120 166
120 167
120 168
120 174
120 175
120 176
120 177
120 178
120 179
120 180
120 181
120 182
120 183
120 184
120 185
120 186
120 187
120 200
120 201
120 202
120 203
121 122
121 123
121 124
121 125
121 126
121 127
121 128
121 129
121 130
121 131
121 132
121 133
121 134
121 135
121 136
121 137
121 138
121 149
121 150
121 151
121 152
121 153
121 154
121 155
121 156
121 157
121 159
121 160
121 163
121 164
121 167
121 175
121 176
121 177
121 178
121 179
121 180
121 181
121 182
121 183
121 186
121 201
121 202
121 203
122 123
122 124
122 125
122 126
122 127
122 128
122 129
122 130
122 131
122 132
122 133
122 134
122 135
122 150
122 151
122 152
122 153
122 154
122 155
122 156
122 157
122 159
122 160
122 163
122 177
122 178
122 179
122 181
122 182
123 124
123 125
123 126
123 127
123 128
123 129
123 130
123 131
123 132
123 133
123 134
123 135
123 150
123 151
123 152
123 153
123 154
123 155
123 178
124 125
124 126
124 127
124 128
124 129
124 130
124 131
124 132
124 133
124 134
124 135
124 151
124 152
124 153
124 154
125 126
125 127
125 128
125 129
125 130
125 131
125 132
125 134
125 152
125 153
125 154
125 155
126 127
126 128
126 129
126 130
126 131
126 132
126 133
126 134
126 152
126 153
126 154
126 155
126 178
127 128
127 129
127 130
127 131
127 132
127 133
127 134
127 135
128 129
128 130
128 131
128 132
128 133
128 134
128 135
128 136
128 178
128 179
129 130
129 131
129 132
129 133
129 134
129 135
129 136
129 137
129 152
129 153
129 154
129 155
129 177
129 178
129 179
129 180
129 182
129 202
129 203
129 204
129 221
130 131
130 132
130 133
130 134
130 135
130 136
130 137
130 150
130 151
130 152
130 153
130 154
130 155
130 177
130 178
130 179
130 203
131 132
131 133
131 134
131 135
131 136
131 137
131 138
131 139
131 152
131 154
131 178
132 133
132 134
132 135
132 136
132 137
132 138
132 139
132 178
133 134
133 135
133 136
133 137
133 138
133 139
133 140
133 150
133 152
133 176
133 177
133 178
133 179
133 202
133 203
133 221
134 135
134 136
134 137
134 138
134 139
134 140
134 141
134 148
134 149
134 150
134 151
134 152
134 153
134 176
134 177
134 178
134 179
134 203
135 136
135 137
135 138
135 139
135 140
135 141
135 142
135 148
135 150
135 152
135 178
136 137
136 138
136 139
136 140
136 141
136 142
136 143
136 148
136 176
136 178
137 138
137 139
137 140
137 141
137 142
137 143
137 144
137 145
137 146
137 147
137 148
137 149
137 150
137 151
137 175
137 176
137 177
137 178
138 139
138 140
138 141
138 142
138 143
138 144
138 145
138 146
138 147
138 148
138 149
138 150
138 176
139 140
139 141
139 142
139 143
139 144
139 145
139 146
139 147
139 148
140 141
140 142
140 143
140 144
140 145
140 146
140 147
140 148
141 142
141 143
141 144
141 145
141 146
141 147
141 148
141 149
141 150
142 143
142 144
142 145
142 146
142 147
142 148
143 144
143 145
143 146
143 147
143 148
144 145
144 146
144 147
144 148
145 146
145 147
145 148
146 147
146 148
146 149
146 172
147 148
147 149
147 150
147 167
147 169
147 171
147 172
148 149
148 150
148 151
148 167
148 168
148 169
148 172
148 174
148 175
148 176
149 150
149 151
149 152
149 164
149 165
149 166
149 167
149 168
149 169
149 170
149 171
149 172
149 173
149 174
149 175
149 176
149 177
150 151
150 152
150 153
150 160
150 163
150 164
150 165
150 166
150 167
150 168
150 169
150 172
150 175
150 176
150 177
150 178
151 152
151 153
151 154
151 159
151 160
151 161
151 162
151 163
151 164
151 165
151 166
151 167
151 168
151 175
151 176
151 177
151 178
151 182
151 186
152 153
152 154
152 155
152 156
152 159
152 160
152 162
152 163
152 164
152 166
152 167
152 176
152 177
152 178
152 179
152 182
153 154
153 155
153 156
153 157
153 158
153 159
153 160
153 161
153 162
153 163
153 164
153 165
153 166
153 167
153 177
153 178
153 179
153 182
153 185
153 186
154 155
154 156
154 157
154 158
154 159
154 160
154 161
154 162
154 163
154 164
154 177
154 178
154 179
154 181
154 182
154 183
154 185
155 156
155 157
155 158
155 159
155 160
155 161
155 163
155 177
155 178
155 179
155 180
155 181
155 182
155 183
155 184
155 185
155 186
156 157
156 158
156 159
156 160
156 161
156 162
156 163
156 178
156 179
156 180
156 181
156 182
156 183
156 184
156 185
156 186
157 158
157 159
157 160
157 161
157 162
157 163
157 164
157 177
157 178
157 179
157 180
157 181
157 182
157 183
157 184
157 185
157 186
157 187
157 188
157 189
158 159
158 160
158 161
158 162
158 163
158 164
158 181
158 182
158 183
158 184
158 185
158 186
158 187
158 188
158 189
159 160
159 161
159 162
159 163
159 164
159 165
159 166
159 177
159 179
159 181
159 182
159 183
159 184
159 185
159 186
159 187
159 188
159 189
160 161
160 162
160 163
160 164
160 165
160 166
160 167
160 175
160 176
160 177
160 178
160 179
160 180
160 181
160 182
160 183
160 184
160 185
160 186
160 187
160 188
160 189
160 190
160 202
161 162
161 163
161 164
161 165
161 166
161 167
161 177
161 181
161 182
161 183
161 184
161 185
161 186
161 187
161 188
161 189
161 190
161 191
161 192
161 193
162 163
162 164
162 165
162 166
162 167
162 168
162 182
162 183
162 184
162 185
162 186
162 187
162 188
162 189
162 190
163 164
163 165
163 166
163 167
163 168
163 177
163 182
163 183
163 185
163 186
163 187
163 188
163 189
163 190
164 165
164 166
164 167
164 168
164 169
164 175
164 176
164 177
164 182
164 183
164 184
164 185
164 186
164 187
164 188
164 189
164 190
164 193
164 200
165 166
165 167
165 168
165 169
165 170
165 172
165 175
165 185
165 186
165 187
165 188
165 189
165 190
165 192
165 193
165 195
166 167
166 168
166 169
166 170
166 172
166 175
166 186
166 189
167 168
167 169
167 170
167 171
167 172
167 173
167 174
167 175
167 176
167 177
167 186
168 169
168 170
168 171
168 172
168 173
168 174
168 175
168 176
168 186
168 189
168 190
168 193
168 195
168 197
168 198
168 199
168 200
169 170
169 171
169 172
169 173
169 174
169 175
169 198
170 171
170 172
170 173
170 174
170 195
170 197
170 198
171 172
171 173
171 174
171 175
171 197
171 198
172 173
172 174
172 175
172 176
172 195
172 197
172 198
172 199
172 200
173 174
173 175
173 176
173 195
173 196
173 197
173 198
173 199
173 200
173 201
174 175
174 176
174 177
174 183
174 195
174 196
174 197
174 198
174 199
174 200
174 201
174 202
174 216
174 217
175 176
175 177
175 178
175 179
175 180
175 182
175 183
175 184
175 186
175 187
175 190
175 197
175 198
175 199
175 200
175 201
175 202
175 203
175 216
175 217
175 218
176 177
176 178
176 179
176 180
176 181
176 182
176 183
176 184
176 186
176 187
176 198
176 199
176 200
176 201
176 202
176 203
176 204
176 216
176 217
176 218
176 219
177 178
177 179
177 180
177 181
177 182
177 183
177 184
177 185
177 186
177 187
177 199
177 200
177 201
177 202
177 203
177 204
177 205
177 216
177 217
177 218
177 219
178 179
178 180
178 181
178 182
178 183
178 184
178 185
178 186
178 200
178 201
178 202
178 203
178 204
178 205
178 218
178 219
178 220
178 221
179 180
179 181
179 182
179 183
179 184
179 185
179 186
179 200
179 201
179 202
179 203
179 204
179 205
179 206
179 209
179 216
179 217
179 218
179 219
179 220
179 221
180 181
180 182
180 183
180 184
180 185
180 186
180 187
180 200
180 201
180 202
180 203
180 204
180 205
180 206
180 207
180 208
180 209
180 210
180 212
180 213
180 216
180 217
180 218
180 219
180 220
180 221
181 182
181 183
181 184
181 185
181 186
181 187
181 188
181 201
181 202
181 203
181 204
181 205
181 206
181 207
181 208
181 209
181 210
181 212
181 213
181 218
182 183
182 184
182 185
182 186
182 187
182 188
182 189
182 200
182 201
182 202
182 203
182 204
182 209
183 184
183 185
183 186
183 187
183 188
183 189
183 190
183 191
183 199
183 200
183 201
183 202
183 203
183 204
183 205
183 206
183 208
183 209
183 210
183 212
183 213
183 215
183 216
183 217
183 218
184 185
184 186
184 187
184 188
184 189
184 190
184 191
184 200
184 201
184 202
184 203
184 204
184 205
184 206
184 208
184 209
184 210
184 211
184 212
184 213
184 214
184 215
184 216
184 218
185 186
185 187
185 188
185 189
185 190
185 191
185 192
185 200
185 202
185 209
185 213
186 187
186 188
186 189
186 190
186 191
186 192
186 193
186 195
186 198
186 199
186 200
186 201
186 202
186 213
186 216
187 188
187 189
187 190
187 191
187 192
187 193
187 194
187 195
187 196
187 198
187 199
187 200
187 201
187 202
187 209
187 212
187 213
187 215
187 216
188 189
188 190
188 191
188 192
188 193
188 194
188 195
188 200
188 212
188 213
189 190
189 191
189 192
189 193
189 194
189 195
189 196
190 191
190 192
190 193
190 194
190 195
190 196
190 197
190 198
190 199
190 200
191 192
191 193
191 194
191 195
191 196
191 197
191 198
191 213
192 193
192 194
192 195
192 196
193 194
193 195
193 196
193 197
193 198
194 195
194 196
194 197
194 198
195 196
195 197
195 198
195 199
195 200
196 197
196 198
196 199
196 200
196 215
197 198
197 199
197 200
198 199
198 200
198 201
198 215
198 216
198 217
199 200
199 201
199 202
199 213
199 214
199 215
199 216
199 217
199 218
200 201
200 202
200 203
200 209
200 213
200 214
200 215
200 216
200 217
200 218
200 219
201 202
201 203
201 204
201 205
201 209
201 210
201 213
201 214
201 215
201 216
201 217
201 218
201 219
201 220
201 253
201 254
202 203
202 204
202 205
202 206
202 209
202 210
202 213
202 214
202 215
202 216
202 217
202 218
202 219
202 220
202 221
202 253
202 254
203 204
203 205
203 206
203 209
203 210
203 216
203 217
203 218
203 219
203 220
203 221
203 222
203 223
203 251
203 252
203 253
203 254
204 205
204 206
204 207
204 208
204 209
204 210
204 216
204 217
204 218
204 219
204 220
204 221
204 222
204 223
204 224
204 251
204 252
204 253
204 254
205 206
205 207
205 208
205 209
205 210
205 211
205 212
205 213
205 214
205 215
205 216
205 217
205 218
205 219
205 220
205 221
205 222
205 223
205 224
205 251
205 252
205 253
205 254
206 207
206 208
206 209
206 210
206 211
206 212
206 213
206 214
206 216
206 217
206 218
206 219
206 220
206 221
206 222
206 223
206 224
206 254
207 208
207 209
207 210
207 211
207 212
207 213
207 214
207 218
207 220
207 223
207 224
208 209
208 210
208 211
208 212
208 213
208 214
208 216
208 218
209 210
209 211
209 212
209 213
209 214
209 215
209 216
209 217
209 218
209 219
209 220
210 211
210 212
210 213
210 214
210 215
210 216
210 217
210 218
210 219
210 220
210 254
211 212
211 213
211 214
211 215
211 216
211 218
212 213
212 214
212 215
212 216
213 214
213 215
213 216
213 217
213 218
214 215
214 216
214 217
214 218
214 254
215 216
215 217
215 218
215 254
216 217
216 218
216 219
216 254
217 218
217 219
217 220
217 252
217 253
217 254
218 219
218 220
218 221
218 222
218 251
218 252
218 253
218 254
219 220
219 221
219 222
219 223
219 250
219 251
219 252
219 253
219 254
220 221
220 222
220 223
220 224
220 225
220 226
220 249
220 250
220 251
220 252
220 253
220 254
221 222
221 223
221 224
221 225
221 226
221 227
221 248
221 249
221 250
221 251
221 252
221 253
221 254
222 223
222 224
222 225
222 226
222 227
222 228
222 229
222 248
222 249
222 250
222 251
222 252
222 253
222 254
223 224
223 225
223 226
223 227
223 228
223 229
223 230
223 248
223 249
223 250
223 251
223 252
224 225
224 226
224 227
224 228
224 229
224 230
224 231
224 249
224 250
224 251
225 226
225 227
225 228
225 229
225 230
225 231
225 232
225 247
225 248
225 249
225 250
225 251
225 252
226 227
226 228
226 229
226 230
226 231
226 232
226 233
226 234
226 246
226 247
226 248
226 249
226 250
226 251
227 228
227 229
227 230
227 231
227 232
227 233
227 234
227 247
227 249
228 229
228 230
228 231
228 232
228 233
228 234
228 235
228 236
228 247
228 249
229 230
229 231
229 232
229 233
229 234
229 235
229 236
229 245
229 246
229 247
229 248
229 249
230 231
230 232
230 233
230 234
230 235
230 236
230 237
230 244
230 245
230 246
230 247
230 248
230 249
231 232
231 233
231 234
231 235
231 236
231 237
231 238
232 233
232 234
232 235
232 236
232 237
232 238
232 239
232 241
232 242
232 243
232 244
232 245
232 247
233 234
233 235
233 236
233 237
233 238
233 239
233 240
233 241
233 242
233 243
233 244
233 245
233 246
233 247
234 235
234 236
234 237
234 238
234 239
234 240
234 241
234 242
234 243
234 244
234 245
234 246
235 236
235 237
235 238
235 239
235 240
235 241
235 242
235 243
235 244
236 237
236 238
236 239
236 240
236 241
236 242
236 243
236 244
236 245
237 238
237 239
237 240
237 241
237 242
237 243
237 244
237 245
238 239
238 240
238 241
238 242
238 243
238 244
239 240
239 241
239 242
239 243
240 241
240 242
240 243
240 244
241 242
241 243
241 244
242 243
242 244
242 245
243 244
243 245
243 246
244 245
244 246
244 247
245 246
245 247
245 248
246 247
246 248
246 249
247 248
247 249
247 250
248 249
248 250
248 251
249 250
249 251
249 252
250 251
250 252
250 253
251 252
251 253
251 254
252 253
252 254
253 254