231
0 1
0 2
0 3
0 22
0 25
0 26
0 27
0 28
0 29
0 30
0 50
0 203
0 204
0 205
0 206
0 208
0 209
1 2
1 3
1 4
1 18
1 21
1 22
1 25
1 26
1 27
1 28
1 29
1 30
1 31
1 48
1 49
1 50
1 51
1 201
1 203
1 204
1 205
1 206
1 208
1 209
2 3
2 4
2 5
2 18
2 21
2 22
2 26
2 27
2 28
2 29
2 30
2 31
2 32
2 48
2 49
2 50
2 51
2 52
2 197
2 198
2 201
2 202
2 203
2 204
2 205
2 206
2 207
2 208
2 209
2 210
3 4
3 5
3 6
3 14
3 18
3 27
3 28
3 29
3 30
3 31
3 32
3 33
3 43
3 47
3 48
3 49
3 50
3 51
3 52
3 53
3 197
3 198
3 201
3 205
3 206
3 209
3 210
4 5
4 6
4 7
4 8
4 10
4 11
4 14
4 15
4 17
4 18
4 28
4 29
4 30
4 31
4 32
4 33
4 34
4 39
4 40
4 43
4 47
4 48
4 49
4 50
4 51
4 52
4 53
4 54
4 195
4 196
4 197
4 198
4 201
4 206
4 209
4 210
4 213
5 6
5 7
5 8
5 9
5 10
5 11
5 14
5 15
5 29
5 30
5 31
5 32
5 33
5 34
5 35
5 36
5 37
5 38
5 39
5 40
5 41
5 42
5 43
5 47
5 48
5 49
5 50
5 51
5 52
5 53
5 54
5 55
5 60
5 195
5 196
5 197
5 198
6 7
6 8
6 9
6 10
6 11
6 12
6 13
6 14
6 15
6 30
6 31
6 32
6 33
6 34
6 35
6 36
6 37
6 38
6 39
6 40
6 42
6 43
6 49
6 50
6 51
6 52
6 53
6 54
6 55
6 56
6 59
6 60
6 148
6 193
6 194
6 195
6 196
6 197
7 8
7 9
7 10
7 11
7 12
7 13
7 14
7 31
7 32
7 33
7 34
7 35
7 36
7 37
7 38
7 39
7 40
7 51
7 52
7 53
7 54
7 55
7 56
7 57
7 59
7 60
7 78
7 115
7 120
7 121
7 122
7 147
7 148
7 149
7 150
7 167
7 170
7 192
7 193
7 194
7 195
8 9
8 10
8 11
8 12
8 13
8 14
8 15
8 31
8 32
8 33
8 34
8 35
8 36
8 37
8 38
8 39
8 52
8 53
8 54
8 55
8 56
8 115
8 120
8 121
8 122
8 146
8 147
8 148
8 149
8 150
8 151
8 152
8 153
8 166
8 167
8 169
8 170
8 173
8 193
9 10
9 11
9 12
9 13
9 14
9 15
9 32
9 33
9 34
9 35
9 36
9 53
9 54
9 55
9 56
9 78
9 79
9 80
9 81
9 82
9 115
9 120
9 121
9 122
9 148
9 149
9 150
9 151
9 152
9 153
9 166
9 167
9 168
9 169
9 170
9 171
9 172
9 173
9 174
9 191
9 192
9 193
9 222
9 225
9 226
9 227
10 11
10 12
10 13
10 14
10 15
10 16
10 17
10 18
10 31
10 32
10 33
10 34
10 35
10 36
10 52
10 53
10 54
10 55
10 77
10 78
10 79
10 80
10 148
10 149
10 150
10 167
10 168
10 169
10 170
10 172
10 173
10 193
10 195
10 221
10 222
10 223
10 225
10 226
10 227
11 12
11 13
11 14
11 15
11 16
11 17
11 18
11 30
11 31
11 32
11 33
11 34
11 35
11 53
11 55
11 148
11 149
11 150
11 169
11 170
11 173
11 174
11 221
11 222
11 225
12 13
12 14
12 15
12 16
12 17
12 18
12 19
12 31
12 32
12 33
12 150
12 169
12 170
12 171
12 172
12 173
12 174
12 221
12 222
12 223
12 224
12 225
12 226
12 227
13 14
13 15
13 16
13 17
13 18
13 19
13 20
13 31
13 33
13 78
13 169
13 170
13 172
13 173
13 213
13 217
13 218
13 219
13 220
13 221
13 222
13 223
13 224
13 225
13 226
13 227
14 15
14 16
14 17
14 18
14 19
14 20
14 21
14 29
14 30
14 31
14 32
14 33
14 52
14 53
14 173
14 209
14 212
14 213
14 218
14 219
14 220
14 221
14 222
14 225
14 227
15 16
15 17
15 18
15 19
15 20
15 21
15 22
15 28
15 29
15 30
15 31
15 32
15 33
15 218
15 221
15 222
15 225
16 17
16 18
16 19
16 20
16 21
16 22
16 23
16 29
16 30
16 31
16 173
16 213
16 217
16 218
16 219
16 220
16 221
16 222
16 224
16 225
17 18
17 19
17 20
17 21
17 22
17 23
17 24
17 25
17 27
17 28
17 29
17 30
17 31
17 209
17 210
17 212
17 213
17 214
17 215
17 216
17 217
17 218
17 219
17 220
17 221
17 222
17 223
17 224
17 225
18 19
18 20
18 21
18 22
18 23
18 24
18 25
18 26
18 27
18 28
18 29
18 30
18 31
18 32
18 209
18 210
18 212
18 213
18 217
18 218
18 221
19 20
19 21
19 22
19 23
19 24
19 25
19 26
19 27
19 28
19 29
19 30
19 31
19 217
19 218
19 221
20 21
20 22
20 23
20 24
20 25
20 26
20 27
20 28
20 29
20 209
20 212
20 213
20 217
20 218
20 220
20 221
21 22
21 23
21 24
21 25
21 26
21 27
21 28
21 29
21 30
21 205
21 206
21 208
21 209
21 210
21 211
21 212
21 213
21 215
21 217
21 218
21 221
22 23
22 24
22 25
22 26
22 27
22 28
22 29
22 30
22 208
22 209
22 212
23 24
23 25
23 26
23 27
23 28
23 29
24 25
24 26
24 27
24 28
24 208
24 209
24 212
24 217
25 26
25 27
25 28
25 29
25 205
25 208
25 209
25 212
26 27
26 28
26 29
26 205
26 208
26 209
27 28
27 29
27 30
27 205
27 206
27 208
27 209
28 29
28 30
28 31
28 205
28 206
28 209
29 30
29 31
29 32
29 49
29 50
29 51
29 205
29 206
29 208
29 209
29 210
30 31
30 32
30 33
30 48
30 49
30 50
30 51
30 206
30 209
31 32
31 33
31 34
31 39
31 48
31 49
31 50
31 51
31 52
31 53
32 33
32 34
32 35
32 36
32 38
32 39
32 40
32 42
32 43
32 47
32 48
32 49
32 50
32 51
32 52
32 53
33 34
33 35
33 36
33 37
33 38
33 39
33 40
33 42
33 49
33 52
33 53
33 54
33 55
33 147
33 148
33 149
33 150
33 151
34 35
34 36
34 37
34 38
34 39
34 40
34 41
34 42
34 52
34 53
34 54
34 55
34 115
34 119
34 120
34 121
34 122
34 146
34 147
34 148
34 149
34 150
34 151
35 36
35 37
35 38
35 39
35 40
35 41
35 42
35 52
35 53
35 54
35 55
35 56
35 59
35 115
35 116
35 117
35 118
35 119
35 120
35 121
35 122
35 123
35 124
35 146
35 147
35 148
35 149
35 150
35 151
35 152
36 37
36 38
36 39
36 40
36 41
36 42
36 43
36 52
36 53
36 54
36 55
36 56
36 57
36 58
36 59
36 60
36 61
36 62
36 63
36 115
36 116
36 119
36 120
36 121
36 122
36 123
36 124
36 147
36 148
36 149
36 150
36 193
36 194
36 195
37 38
37 39
37 40
37 41
37 42
37 43
37 44
37 52
37 53
37 54
37 55
37 56
37 57
37 58
37 59
37 60
37 61
37 62
37 63
37 115
37 116
37 117
37 118
37 119
37 120
37 121
37 122
37 123
37 124
37 147
37 148
37 149
38 39
38 40
38 41
38 42
38 43
38 44
38 45
38 47
38 52
38 54
38 55
38 59
38 60
38 62
38 63
38 116
38 118
38 119
38 120
38 121
38 147
38 148
39 40
39 41
39 42
39 43
39 44
39 45
39 46
39 47
39 48
39 49
39 50
39 51
39 52
39 53
39 54
39 55
39 59
39 60
39 62
39 63
39 68
39 119
39 120
39 121
39 147
39 148
39 198
40 41
40 42
40 43
40 44
40 45
40 46
40 47
40 48
40 49
40 51
40 52
40 53
40 54
40 55
40 56
40 57
40 58
40 59
40 60
40 61
40 62
40 63
40 64
40 65
40 66
40 67
40 68
40 69
40 119
40 120
40 121
40 195
40 196
40 198
41 42
41 43
41 44
41 45
41 46
41 47
41 48
41 49
41 52
41 54
41 59
41 60
41 61
41 62
41 63
41 64
41 65
41 66
41 68
41 119
42 43
42 44
42 45
42 46
42 47
42 48
42 49
42 52
42 59
42 62
42 63
42 66
42 68
42 198
43 44
43 45
43 46
43 47
43 48
43 49
43 50
43 51
43 52
43 53
43 54
43 59
43 60
43 62
43 63
43 64
43 65
43 66
43 67
43 68
43 69
43 197
43 198
43 199
43 200
43 201
44 45
44 46
44 47
44 48
44 49
44 52
44 59
44 60
44 61
44 62
44 63
44 64
44 65
44 66
44 67
44 68
44 69
44 198
44 199
45 46
45 47
45 48
45 49
45 63
45 66
45 67
45 68
46 47
46 48
46 49
46 50
46 63
46 66
46 67
46 68
46 69
46 198
46 199
46 200
47 48
47 49
47 50
47 51
47 52
47 68
47 198
47 199
47 201
48 49
48 50
48 51
48 52
48 68
48 197
48 198
48 199
48 200
48 201
49 50
49 51
49 52
49 53
49 68
49 69
49 196
49 197
49 198
49 199
49 200
49 201
49 202
49 206
50 51
50 52
50 53
50 68
50 69
50 70
50 73
50 195
50 196
50 197
50 198
50 199
50 200
50 201
50 202
50 203
50 204
50 205
50 206
50 207
50 208
50 209
50 210
51 52
51 53
51 54
51 60
51 63
51 68
51 69
51 70
51 71
51 73
51 74
51 75
51 194
51 195
51 196
51 197
51 198
51 199
51 200
51 201
51 202
51 203
51 205
51 206
51 207
51 208
51 209
51 210
51 211
51 213
52 53
52 54
52 55
52 56
52 57
52 59
52 60
52 61
52 62
52 63
52 64
52 68
52 69
52 70
52 71
52 73
52 74
52 75
52 76
52 77
52 193
52 194
52 195
52 196
52 197
52 198
52 199
52 201
52 206
52 210
53 54
53 55
53 56
53 57
53 58
53 59
53 60
53 61
53 63
53 69
53 73
53 74
53 75
53 76
53 77
53 78
53 192
53 193
53 194
53 195
53 196
53 197
53 198
53 210
53 213
54 55
54 56
54 57
54 58
54 59
54 60
54 61
54 62
54 63
54 64
54 74
54 75
54 76
54 77
54 78
54 79
54 120
54 121
54 122
54 191
54 192
54 193
54 194
54 195
54 196
54 197
55 56
55 57
55 58
55 59
55 60
55 61
55 76
55 77
55 78
55 79
55 80
55 81
55 82
55 115
55 119
55 120
55 121
55 122
55 123
55 124
55 125
55 148
55 149
55 166
55 167
55 169
55 189
55 190
55 191
55 192
55 193
55 194
55 195
55 227
56 57
56 58
56 59
56 60
56 61
56 62
56 63
56 75
56 76
56 77
56 78
56 79
56 80
56 119
56 120
56 121
56 122
56 123
56 124
56 125
56 188
56 189
56 190
56 191
56 192
56 193
56 194
56 195
57 58
57 59
57 60
57 61
57 62
57 63
57 64
57 74
57 75
57 76
57 77
57 78
57 79
57 121
57 124
57 125
57 189
57 190
57 191
57 192
57 193
57 194
57 195
57 196
58 59
58 60
58 61
58 62
58 63
58 64
58 65
58 119
58 120
58 121
58 122
58 124
58 125
58 189
58 190
58 191
58 192
58 193
58 194
59 60
59 61
59 62
59 63
59 64
59 65
59 66
59 68
59 69
59 119
59 120
59 121
59 122
59 124
59 192
59 193
59 194
59 195
59 196
60 61
60 62
60 63
60 64
60 65
60 66
60 67
60 68
60 69
60 70
60 71
60 73
60 74
60 75
60 76
60 121
60 192
60 193
60 194
60 195
60 196
60 197
60 198
61 62
61 63
61 64
61 65
61 66
61 67
61 68
61 69
61 70
61 71
61 74
61 75
61 193
61 194
61 195
61 196
62 63
62 64
62 65
62 66
62 67
62 68
62 69
62 119
63 64
63 65
63 66
63 67
63 68
63 69
63 70
63 71
63 74
63 194
63 195
63 196
63 197
63 198
63 199
64 65
64 66
64 67
64 68
64 69
64 70
64 71
64 72
64 73
64 74
64 194
64 195
64 196
64 197
64 198
64 199
65 66
65 67
65 68
65 69
65 70
65 71
65 199
66 67
66 68
66 69
66 70
66 71
66 198
66 199
67 68
67 69
67 70
67 71
67 197
67 198
67 199
67 200
68 69
68 70
68 71
68 74
68 196
68 197
68 198
68 199
68 200
68 201
68 202
69 70
69 71
69 72
69 73
69 74
69 75
69 194
69 195
69 196
69 197
69 198
69 199
69 200
69 201
69 202
70 71
70 72
70 73
70 74
70 75
70 195
70 196
70 197
70 198
70 199
70 200
70 201
70 202
70 203
70 207
71 72
71 73
71 74
71 75
71 194
71 195
71 196
71 197
71 198
71 199
71 200
71 201
71 202
72 73
72 74
72 75
72 195
72 196
72 197
72 198
72 199
72 202
73 74
73 75
73 76
73 77
73 194
73 195
73 196
73 197
73 198
73 199
73 200
73 201
73 202
73 203
73 206
73 207
73 210
73 211
74 75
74 76
74 77
74 193
74 194
74 195
74 196
74 197
74 198
74 199
74 202
74 210
75 76
75 77
75 78
75 192
75 193
75 194
75 195
75 196
75 197
75 210
75 211
75 213
75 214
75 229
75 230
76 77
76 78
76 79
76 80
76 190
76 191
76 192
76 193
76 194
76 195
76 196
76 213
76 214
76 228
76 229
76 230
77 78
77 79
77 80
77 191
77 192
77 193
77 194
77 195
77 196
77 210
77 211
77 212
77 213
77 214
77 215
77 218
77 219
77 222
77 227
77 228
77 229
77 230
78 79
78 80
78 81
78 169
78 190
78 191
78 192
78 193
78 194
78 195
78 213
78 214
78 218
78 219
78 221
78 222
78 223
78 225
78 226
78 227
78 228
78 229
78 230
79 80
79 81
79 82
79 167
79 168
79 169
79 185
79 189
79 190
79 191
79 192
79 193
79 194
79 195
79 222
79 223
79 225
79 226
79 227
79 228
79 229
79 230
80 81
80 82
80 83
80 121
80 122
80 125
80 166
80 167
80 168
80 169
80 170
80 171
80 172
80 182
80 183
80 185
80 188
80 189
80 190
80 191
80 192
80 193
80 194
80 222
80 223
80 225
80 226
80 227
80 228
80 229
80 230
81 82
81 83
81 84
81 122
81 125
81 126
81 129
81 165
81 166
81 167
81 168
81 169
81 170
81 171
81 172
81 179
81 181
81 182
81 183
81 184
81 185
81 186
81 187
81 188
81 189
81 190
81 191
81 192
81 193
81 226
81 227
81 228
82 83
82 84
82 85
82 97
82 114
82 115
82 121
82 122
82 123
82 124
82 125
82 126
82 127
82 128
82 129
82 130
82 149
82 164
82 165
82 166
82 167
82 168
82 169
82 170
82 171
82 179
82 180
82 181
82 182
82 183
82 184
82 185
82 186
82 187
82 188
82 189
82 190
82 191
82 192
82 226
82 227
83 84
83 85
83 86
83 94
83 95
83 96
83 97
83 113
83 114
83 122
83 123
83 125
83 126
83 129
83 149
83 153
83 163
83 164
83 165
83 166
83 167
83 168
83 169
83 170
83 171
83 172
83 177
83 178
83 179
83 180
83 181
83 182
83 183
83 184
83 185
83 187
83 188
83 191
83 226
84 85
84 86
84 87
84 92
84 93
84 94
84 95
84 96
84 97
84 103
84 106
84 107
84 112
84 113
84 114
84 122
84 126
84 152
84 153
84 156
84 161
84 162
84 163
84 164
84 165
84 166
84 167
84 168
84 169
84 170
84 171
84 177
84 178
84 179
84 180
84 181
84 182
84 183
84 184
85 86
85 87
85 88
85 89
85 90
85 92
85 93
85 94
85 95
85 112
85 113
85 114
85 152
85 153
85 154
85 155
85 156
85 157
85 159
85 161
85 162
85 163
85 164
85 165
85 166
85 167
85 168
85 169
85 170
85 171
85 172
85 174
85 175
85 176
85 177
85 178
85 179
85 180
85 181
85 182
85 183
86 87
86 88
86 89
86 90
86 91
86 92
86 93
86 94
86 95
86 106
86 107
86 110
86 111
86 112
86 113
86 152
86 153
86 154
86 155
86 156
86 157
86 158
86 159
86 160
86 161
86 162
86 163
86 164
86 165
86 166
86 171
86 174
86 175
86 176
86 177
86 178
86 179
86 180
86 181
87 88
87 89
87 90
87 91
87 92
87 93
87 113
87 153
87 154
87 155
87 156
87 157
87 158
87 159
87 160
87 161
87 162
87 163
87 164
87 171
87 174
87 175
87 176
87 177
87 178
87 179
87 180
88 89
88 90
88 91
88 92
88 93
88 153
88 156
88 157
88 158
88 159
88 162
88 163
88 171
88 174
88 175
88 176
88 177
88 178
88 179
88 180
89 90
89 91
89 92
89 93
89 156
89 157
89 158
89 159
89 162
89 175
89 176
89 177
89 178
90 91
90 92
90 93
90 94
90 156
90 157
90 158
90 159
90 160
90 161
90 162
90 163
90 176
90 177
90 178
90 179
90 180
91 92
91 93
91 94
91 106
91 162
91 163
91 177
91 178
91 180
92 93
92 94
92 95
92 105
92 106
92 107
92 108
92 162
92 163
92 177
92 178
92 179
92 180
92 181
93 94
93 95
93 96
93 106
93 162
93 163
93 178
93 179
93 180
93 181
94 95
94 96
94 97
94 106
94 163
94 178
94 179
94 180
94 181
94 182
95 96
95 97
95 98
95 100
95 101
95 102
95 103
95 106
95 179
95 180
95 181
95 182
95 183
96 97
96 98
96 99
96 100
96 101
96 102
96 103
96 106
96 179
96 180
96 181
96 182
96 183
96 184
97 98
97 99
97 100
97 101
97 102
97 103
97 106
97 129
97 130
97 132
97 133
97 134
97 135
97 180
97 181
97 182
97 183
97 184
97 185
97 186
97 187
98 99
98 100
98 101
98 102
98 103
98 129
98 130
98 131
98 132
98 133
98 134
98 135
98 181
98 182
98 183
98 184
98 185
98 186
98 187
99 100
99 101
99 102
99 103
99 129
99 130
99 131
99 132
99 133
99 134
99 135
99 136
99 183
99 184
99 187
100 101
100 102
100 103
100 104
100 130
100 133
100 134
100 135
101 102
101 103
101 104
101 105
101 106
101 107
101 130
101 133
101 134
101 135
101 136
101 138
101 139
101 181
101 183
102 103
102 104
102 105
102 106
102 107
102 108
102 133
102 134
102 135
102 138
102 139
103 104
103 105
103 106
103 107
103 108
103 109
103 110
103 111
103 112
103 130
103 133
103 134
103 135
103 136
103 137
103 138
103 139
103 140
103 142
103 143
103 162
103 163
103 164
103 181
104 105
104 106
104 107
104 108
104 109
104 110
104 111
104 112
104 135
104 136
104 137
104 138
104 139
104 140
104 141
104 142
104 143
104 162
104 163
105 106
105 107
105 108
105 109
105 110
105 111
105 138
105 139
105 162
105 163
106 107
106 108
106 109
106 110
106 111
106 112
106 139
106 142
106 161
106 162
106 163
106 164
106 180
106 181
107 108
107 109
107 110
107 111
107 112
107 113
107 138
107 139
107 141
107 142
107 143
107 144
107 160
107 161
107 162
107 163
107 164
108 109
108 110
108 111
108 112
108 139
108 142
108 161
108 162
108 163
109 110
109 111
109 112
109 139
109 141
109 142
109 143
109 160
109 161
109 162
109 163
110 111
110 112
110 113
110 139
110 141
110 142
110 143
110 144
110 155
110 156
110 159
110 160
110 161
110 162
110 163
110 164
111 112
111 113
111 114
111 138
111 139
111 140
111 141
111 142
111 143
111 144
111 145
111 146
111 152
111 155
111 156
111 159
111 160
111 161
111 162
111 163
111 164
111 165
112 113
112 114
112 115
112 116
112 117
112 123
112 126
112 127
112 130
112 136
112 138
112 139
112 140
112 141
112 142
112 143
112 144
112 145
112 146
112 152
112 153
112 155
112 156
112 159
112 160
112 161
112 162
112 163
112 164
112 165
112 166
113 114
113 115
113 116
113 117
113 122
113 123
113 126
113 139
113 140
113 141
113 142
113 143
113 144
113 145
113 146
113 147
113 148
113 149
113 150
113 151
113 152
113 153
113 154
113 155
113 156
113 157
113 158
113 159
113 160
113 161
113 162
113 163
113 164
113 165
113 166
114 115
114 116
114 117
114 118
114 119
114 120
114 121
114 122
114 123
114 124
114 125
114 126
114 127
114 130
114 139
114 140
114 142
114 143
114 144
114 145
114 146
114 147
114 148
114 149
114 150
114 151
114 152
114 153
114 154
114 155
114 156
114 161
114 162
114 163
114 164
114 165
114 166
114 167
115 116
115 117
115 118
115 119
115 120
115 121
115 122
115 123
115 124
115 125
115 126
115 127
115 143
115 144
115 145
115 146
115 147
115 148
115 149
115 150
115 151
115 152
115 153
115 154
115 155
115 164
115 165
115 166
115 167
116 117
116 118
116 119
116 120
116 121
116 122
116 123
116 124
116 125
116 126
116 127
116 140
116 143
116 144
116 145
116 146
116 147
116 148
116 149
116 150
116 151
116 152
116 164
116 165
116 166
117 118
117 119
117 120
117 121
117 122
117 123
117 124
117 125
117 126
117 127
117 128
117 129
117 130
117 131
117 136
117 140
117 143
117 144
117 145
117 146
117 147
117 148
117 149
117 152
117 165
118 119
118 120
118 121
118 122
118 123
118 124
118 125
118 126
118 127
118 128
118 140
118 145
118 146
118 147
118 148
119 120
119 121
119 122
119 123
119 124
119 125
119 126
119 127
119 145
119 146
119 147
119 148
119 149
120 121
120 122
120 123
120 124
120 125
120 126
120 127
120 145
120 146
120 147
120 148
120 149
120 150
120 151
120 152
120 166
121 122
121 123
121 124
121 125
121 126
121 127
121 128
121 146
121 147
121 148
121 149
121 150
121 165
121 166
121 167
121 188
121 189
121 190
121 191
121 192
121 193
122 123
122 124
122 125
122 126
122 127
122 128
122 129
122 145
122 146
122 147
122 148
122 149
122 150
122 151
122 152
122 153
122 164
122 165
122 166
122 167
122 168
122 169
122 170
122 188
122 189
122 190
122 191
122 192
122 193
123 124
123 125
123 126
123 127
123 128
123 129
123 130
123 131
123 140
123 143
123 144
123 145
123 146
123 147
123 148
123 149
123 150
123 151
123 152
123 153
123 164
123 165
123 166
123 167
123 188
123 191
124 125
124 126
124 127
124 128
124 129
124 130
124 131
124 145
124 148
124 149
124 165
124 166
124 188
124 189
124 190
124 191
125 126
125 127
125 128
125 129
125 130
125 131
125 132
125 149
125 165
125 166
125 167
125 183
125 184
125 185
125 186
125 187
125 188
125 189
125 190
125 191
125 192
126 127
126 128
126 129
126 130
126 131
126 132
126 133
126 135
126 136
126 139
126 140
126 143
126 145
126 149
126 164
126 165
126 166
126 167
126 182
126 183
126 184
126 185
126 187
126 188
126 189
126 190
126 191
127 128
127 129
127 130
127 131
127 132
127 133
127 134
127 135
127 136
127 137
127 138
127 139
127 140
127 143
127 145
127 165
127 166
127 183
127 187
127 188
127 189
128 129
128 130
128 131
128 132
128 133
128 134
128 135
128 136
128 183
128 185
128 186
128 187
128 188
128 189
128 190
128 191
129 130
129 131
129 132
129 133
129 134
129 135
129 136
129 139
129 165
129 182
129 183
129 184
129 185
129 186
129 187
129 188
129 189
129 190
129 191
130 131
130 132
130 133
130 134
130 135
130 136
130 137
130 138
130 139
130 140
130 143
130 165
130 183
130 184
130 186
130 187
130 188
131 132
131 133
131 134
131 135
131 136
131 137
131 138
131 139
131 140
131 187
131 188
132 133
132 134
132 135
132 136
132 137
132 183
132 184
132 185
132 186
132 187
132 188
132 189
133 134
133 135
133 136
133 137
133 138
133 139
133 183
133 184
133 186
133 187
133 188
134 135
134 136
134 137
134 138
134 139
134 140
134 187
135 136
135 137
135 138
135 139
135 140
135 141
135 142
135 187
136 137
136 138
136 139
136 140
136 141
136 142
136 143
137 138
137 139
137 140
137 141
137 142
137 143
138 139
138 140
138 141
138 142
138 143
139 140
139 141
139 142
139 143
139 144
139 145
140 141
140 142
140 143
140 144
140 145
141 142
141 143
141 144
141 145
142 143
142 144
142 145
142 161
142 162
142 163
142 164
143 144
143 145
143 146
143 152
143 155
143 160
143 161
143 162
143 163
143 164
143 165
144 145
144 146
144 147
144 148
144 149
144 151
144 152
144 153
144 154
144 155
144 156
144 160
144 161
144 162
144 163
144 164
144 165
145 146
145 147
145 148
145 149
145 150
145 151
145 152
145 153
145 154
145 155
145 156
145 160
145 161
145 164
145 165
145 166
146 147
146 148
146 149
146 150
146 151
146 152
146 153
146 154
146 155
146 156
146 161
146 164
146 165
146 166
147 148
147 149
147 150
147 151
147 152
147 153
147 154
147 155
148 149
148 150
148 151
148 152
148 153
148 154
148 155
148 165
148 166
148 167
148 170
149 150
149 151
149 152
149 153
149 154
149 155
149 156
149 164
149 165
149 166
149 167
149 168
149 169
149 170
149 171
150 151
150 152
150 153
150 154
150 155
150 156
150 157
150 164
150 165
150 166
150 167
150 169
150 170
150 171
150 173
150 174
151 152
151 153
151 154
151 155
151 156
151 157
151 158
151 160
151 161
151 164
151 165
151 166
151 170
152 153
152 154
152 155
152 156
152 157
152 158
152 159
152 160
152 161
152 162
152 163
152 164
152 165
152 166
152 167
152 170
152 171
152 174
152 177
153 154
153 155
153 156
153 157
153 158
153 159
153 160
153 161
153 162
153 163
153 164
153 165
153 166
153 167
153 168
153 169
153 170
153 171
153 172
153 173
153 174
153 175
153 176
153 177
153 178
153 179
154 155
154 156
154 157
154 158
154 159
154 160
154 161
154 162
154 163
154 164
154 165
154 166
154 170
154 171
154 173
154 174
154 175
154 176
154 177
155 156
155 157
155 158
155 159
155 160
155 161
155 162
155 163
155 164
155 165
155 166
155 174
155 176
155 177
156 157
156 158
156 159
156 160
156 161
156 162
156 163
156 164
156 165
156 166
156 170
156 171
156 174
156 175
156 176
156 177
156 178
156 179
157 158
157 159
157 160
157 161
157 162
157 163
157 164
157 166
157 170
157 171
157 173
157 174
157 175
157 176
157 177
157 178
158 159
158 160
158 161
158 162
158 163
158 164
158 174
158 175
158 176
158 177
159 160
159 161
159 162
159 163
159 164
159 176
159 177
160 161
160 162
160 163
160 164
161 162
161 163
161 164
161 165
161 177
162 163
162 164
162 165
162 177
162 178
162 180
163 164
163 165
163 166
163 177
163 178
163 179
163 180
163 181
164 165
164 166
164 167
164 168
164 170
164 171
164 177
164 178
164 179
164 180
164 181
164 182
165 166
165 167
165 168
165 169
165 170
165 171
165 177
165 178
165 179
165 180
165 181
165 182
165 183
166 167
166 168
166 169
166 170
166 171
166 172
166 173
166 174
166 177
166 178
166 179
166 180
166 181
166 182
166 183
166 191
167 168
167 169
167 170
167 171
167 172
167 173
167 174
167 178
167 179
167 181
167 182
167 183
167 190
167 191
167 192
167 225
167 226
167 227
167 228
168 169
168 170
168 171
168 172
168 173
168 174
168 177
168 178
168 179
168 180
168 181
168 182
168 183
168 191
168 223
168 224
168 225
168 226
168 227
168 228
169 170
169 171
169 172
169 173
169 174
169 175
169 177
169 178
169 179
169 191
169 221
169 222
169 223
169 224
169 225
169 226
169 227
169 228
170 171
170 172
170 173
170 174
170 175
170 176
170 177
170 178
170 179
170 222
170 224
170 225
170 226
170 227
171 172
171 173
171 174
171 175
171 176
171 177
171 178
171 179
171 180
171 181
171 182
171 224
171 225
171 226
171 227
172 173
172 174
172 175
172 176
172 177
172 178
172 179
172 222
172 223
172 224
172 225
172 226
172 227
173 174
173 175
173 176
173 177
173 178
173 179
173 221
173 222
173 223
173 224
173 225
173 226
173 227
174 175
174 176
174 177
174 178
174 179
174 225
174 226
175 176
175 177
175 178
175 179
176 177
176 178
176 179
177 178
177 179
177 180
178 179
178 180
178 181
178 182
179 180
179 181
179 182
179 183
180 181
180 182
180 183
181 182
181 183
181 184
182 183
182 184
182 185
182 186
182 187
182 188
183 184
183 185
183 186
183 187
183 188
183 189
183 190
183 191
184 185
184 186
184 187
184 188
184 189
184 190
184 191
185 186
185 187
185 188
185 189
185 190
185 191
186 187
186 188
186 189
186 190
186 191
187 188
187 189
187 190
187 191
188 189
188 190
188 191
188 192
189 190
189 191
189 192
189 193
190 191
190 192
190 193
190 228
190 230
191 192
191 193
191 194
191 227
191 228
191 229
191 230
192 193
192 194
192 195
192 227
192 228
192 229
192 230
193 194
193 195
193 196
193 222
193 227
193 228
193 229
193 230
194 195
194 196
194 197
194 210
194 213
194 214
194 229
194 230
195 196
195 197
195 198
195 209
195 210
195 211
195 213
195 214
195 230
196 197
196 198
196 199
196 200
196 201
196 202
196 206
196 207
196 209
196 210
196 211
196 213
196 214
197 198
197 199
197 200
197 201
197 202
197 203
197 204
197 205
197 206
197 207
197 208
197 209
197 210
197 211
197 213
198 199
198 200
198 201
198 202
198 203
198 206
198 207
198 210
199 200
199 201
199 202
199 203
199 206
200 201
200 202
200 203
200 204
200 206
200 207
201 202
201 203
201 204
201 205
201 206
201 207
201 209
201 210
202 203
202 204
202 205
202 206
202 207
202 208
202 209
202 210
202 211
203 204
203 205
203 206
203 207
203 208
203 209
203 210
204 205
204 206
204 207
204 208
204 209
204 210
204 211
205 206
205 207
205 208
205 209
205 210
205 211
205 212
206 207
206 208
206 209
206 210
206 211
206 212
206 213
207 208
207 209
207 210
207 211
207 212
207 213
207 214
208 209
208 210
208 211
208 212
208 213
208 214
208 215
209 210
209 211
209 212
209 213
209 214
209 215
209 217
209 218
210 211
210 212
210 213
210 214
210 215
210 218
211 212
211 213
211 214
211 215
211 216
211 217
211 218
211 219
212 213
212 214
212 215
212 216
212 217
212 218
212 219
212 220
212 221
213 214
213 215
213 216
213 217
213 218
213 219
213 220
213 221
213 222
213 229
213 230
214 215
214 216
214 217
214 218
214 219
214 220
214 221
214 222
214 229
214 230
215 216
215 217
215 218
215 219
215 220
215 221
215 222
215 229
215 230
216 217
216 218
216 219
216 220
216 221
216 222
216 223
216 229
217 218
217 219
217 220
217 221
217 222
217 223
217 224
218 219
218 220
218 221
218 222
218 223
218 224
218 225
218 227
218 229
219 220
219 221
219 222
219 223
219 224
219 225
219 226
219 227
219 228
219 229
219 230
220 221
220 222
220 223
220 224
220 225
220 226
220 227
220 228
220 229
221 222
221 223
221 224
221 225
221 226
221 227
221 228
221 229
222 223
222 224
222 225
222 226
222 227
222 228
222 229
222 230
223 224
223 225
223 226
223 227
223 228
223 229
223 230
224 225
224 226
224 227
224 228
224 229
225 226
225 227
225 228
225 229
226 227
226 228
226 229
227 228
227 229
227 230
228 229
228 230
229 230