304
0 1
0 2
0 3
0 6
0 7
0 8
0 9
0 10
0 11
0 12
0 13
0 14
0 73
0 74
0 112
0 113
0 114
0 115
0 116
0 146
0 147
0 148
0 149
0 150
1 2
1 3
1 4
1 5
1 6
1 7
1 8
1 9
1 10
1 11
1 12
1 13
1 14
1 115
1 116
1 146
1 147
1 148
1 149
1 150
1 168
1 169
1 206
2 3
2 4
2 5
2 6
2 7
2 8
2 9
2 10
2 11
2 12
2 13
2 14
2 15
2 115
2 116
2 147
2 148
2 149
2 150
2 167
2 168
2 169
2 170
2 204
2 205
2 206
2 207
2 251
2 253
3 4
3 5
3 6
3 7
3 8
3 9
3 11
3 12
3 13
3 14
3 149
3 168
3 169
3 170
3 204
3 205
3 206
3 207
3 250
3 251
3 252
3 253
4 5
4 6
4 7
4 8
4 167
4 168
4 169
4 170
4 200
4 201
4 202
4 203
4 204
4 205
4 206
4 207
4 250
4 251
4 252
4 253
5 6
5 7
5 8
5 13
5 14
5 15
5 168
5 169
5 170
5 200
5 201
5 203
5 204
5 205
5 206
5 207
5 208
5 247
5 248
5 249
5 250
5 251
5 252
5 253
5 254
6 7
6 8
6 9
6 11
6 12
6 13
6 14
6 15
6 16
6 168
6 169
6 170
6 204
6 205
6 206
6 207
6 208
6 247
6 248
6 249
6 250
6 251
6 252
6 253
6 254
7 8
7 9
7 10
7 11
7 12
7 13
7 14
7 15
7 16
7 115
7 116
7 148
7 149
7 168
7 169
7 170
7 205
7 206
7 207
7 208
7 248
7 249
7 250
7 251
7 252
7 253
7 254
8 9
8 10
8 11
8 12
8 13
8 14
8 15
8 16
8 115
8 116
8 148
8 149
8 169
8 206
8 253
8 254
9 10
9 11
9 12
9 13
9 14
9 15
9 16
9 73
9 112
9 113
9 114
9 115
9 116
9 148
9 253
10 11
10 12
10 13
10 14
10 112
10 115
11 12
11 13
11 14
12 13
12 14
12 15
13 14
13 15
13 16
13 206
13 248
13 249
13 250
13 251
13 252
13 253
13 254
14 15
14 16
14 17
14 18
14 50
14 51
14 73
14 115
14 206
14 208
14 248
14 249
14 250
14 251
14 252
14 253
14 254
14 255
14 300
14 301
14 303
15 16
15 17
15 18
15 49
15 50
15 51
15 73
15 206
15 207
15 208
15 209
15 244
15 245
15 247
15 248
15 249
15 250
15 251
15 252
15 253
15 254
15 255
15 256
15 297
15 300
15 301
15 302
15 303
16 17
16 18
16 19
16 20
16 48
16 49
16 50
16 51
16 52
16 53
16 72
16 73
16 74
16 75
16 115
16 116
16 171
16 206
16 207
16 208
16 209
16 210
16 244
16 248
16 249
16 252
16 253
16 254
16 255
16 256
16 257
16 297
16 300
16 301
17 18
17 19
17 20
17 44
17 45
17 47
17 48
17 49
17 50
17 51
17 52
17 53
17 72
17 73
17 74
17 208
17 209
17 210
17 211
17 241
17 244
17 245
17 248
17 252
17 253
17 254
17 255
17 256
17 257
17 258
17 293
17 294
17 295
17 296
17 297
17 298
17 299
17 300
17 301
18 19
18 20
18 21
18 43
18 44
18 45
18 46
18 47
18 48
18 49
18 50
18 51
18 52
18 53
18 54
18 71
18 72
18 73
18 74
18 75
18 208
18 209
18 210
18 211
18 212
18 253
18 254
18 255
18 256
18 257
18 258
18 259
18 260
18 293
18 294
18 296
18 297
18 298
18 300
18 301
19 20
19 21
19 22
19 40
19 41
19 43
19 44
19 45
19 47
19 48
19 49
19 50
19 51
19 52
19 53
19 54
19 55
19 72
19 73
19 74
19 75
19 208
19 209
19 210
19 211
19 212
19 213
19 254
19 255
19 256
19 257
19 258
19 259
19 260
19 261
19 278
19 279
19 280
19 290
19 293
19 294
19 297
20 21
20 22
20 23
20 44
20 49
20 50
20 51
20 52
20 53
20 54
20 55
20 56
20 57
20 73
20 74
20 75
20 76
20 77
20 173
20 209
20 210
20 211
20 212
20 213
20 255
20 256
20 257
20 258
20 259
20 260
20 261
20 262
20 263
20 277
20 278
20 279
20 280
21 22
21 23
21 24
21 25
21 37
21 40
21 41
21 43
21 44
21 49
21 51
21 52
21 53
21 54
21 55
21 56
21 57
21 58
21 59
21 74
21 75
21 76
21 77
21 210
21 211
21 256
21 257
21 258
21 259
21 260
21 261
21 262
21 263
21 277
21 278
21 279
21 280
21 282
21 284
22 23
22 24
22 25
22 29
22 30
22 31
22 32
22 36
22 37
22 40
22 52
22 53
22 54
22 55
22 56
22 57
22 58
22 59
22 60
22 77
22 258
22 259
22 260
22 261
22 262
22 263
22 264
22 265
22 275
22 278
22 282
23 24
23 25
23 26
23 28
23 29
23 30
23 31
23 32
23 33
23 36
23 37
23 40
23 53
23 54
23 55
23 56
23 57
23 58
23 59
23 60
23 61
23 62
23 259
23 260
23 261
23 262
23 263
23 264
23 282
24 25
24 26
24 27
24 28
24 29
24 30
24 31
24 32
24 33
24 36
24 37
24 40
24 55
24 59
24 60
24 259
24 260
24 261
24 262
24 263
24 264
24 265
24 274
24 275
24 281
24 282
24 283
24 284
25 26
25 27
25 28
25 29
25 30
25 31
25 32
25 33
25 35
25 36
25 37
25 40
25 261
25 262
25 263
25 264
25 265
25 274
25 280
25 281
25 282
25 283
25 284
26 27
26 28
26 29
26 30
26 31
26 33
26 36
26 262
26 263
26 264
26 273
26 274
26 281
26 282
26 283
26 284
27 28
27 29
27 30
27 31
27 32
27 33
27 263
27 264
27 282
27 283
28 29
28 30
28 31
28 32
28 33
28 36
28 263
28 264
29 30
29 31
29 32
29 33
29 36
29 263
29 264
29 265
29 282
30 31
30 32
30 33
30 36
30 37
30 57
30 59
30 60
30 263
30 264
31 32
31 33
31 34
31 36
31 37
31 59
31 60
32 33
32 34
32 35
32 36
32 37
32 38
32 59
32 60
32 61
32 62
33 34
33 35
33 36
33 37
33 38
33 39
33 40
33 60
33 61
33 62
34 35
34 36
34 37
34 38
34 39
34 40
34 41
34 60
34 61
34 62
34 65
35 36
35 37
35 38
35 39
35 40
35 41
35 42
35 284
36 37
36 38
36 39
36 40
36 41
36 42
36 43
36 62
36 282
36 283
36 284
37 38
37 39
37 40
37 41
37 42
37 43
37 44
37 59
37 60
37 61
37 62
37 63
37 64
37 65
37 66
37 284
38 39
38 40
38 41
38 42
38 43
38 44
38 45
38 62
38 65
38 66
38 70
38 284
39 40
39 41
39 42
39 43
39 44
39 45
39 46
39 280
39 283
39 284
39 285
40 41
40 42
40 43
40 44
40 45
40 46
40 47
40 49
40 52
40 62
40 65
40 66
40 70
40 72
40 260
40 261
40 280
40 281
40 282
40 283
40 284
40 285
40 286
41 42
41 43
41 44
41 45
41 46
41 47
41 48
41 49
41 50
41 51
41 52
41 62
41 63
41 65
41 66
41 67
41 68
41 69
41 70
41 71
41 72
41 260
41 284
42 43
42 44
42 45
42 46
42 47
42 48
42 49
42 50
42 65
42 66
42 70
42 72
42 284
43 44
43 45
43 46
43 47
43 48
43 49
43 50
43 70
43 260
43 261
43 279
43 280
43 283
43 284
43 285
43 286
43 290
43 291
43 294
44 45
44 46
44 47
44 48
44 49
44 50
44 51
44 52
44 65
44 66
44 70
44 71
44 72
44 73
44 260
44 261
44 279
44 280
44 284
44 286
44 290
44 293
44 294
44 297
44 298
45 46
45 47
45 48
45 49
45 50
45 51
45 52
45 66
45 69
45 70
45 71
45 72
45 294
45 297
45 298
45 301
46 47
46 48
46 49
46 50
46 70
46 286
46 290
46 291
46 293
46 294
46 295
46 297
46 298
47 48
47 49
47 50
47 51
47 257
47 260
47 279
47 280
47 286
47 287
47 289
47 290
47 291
47 292
47 293
47 294
47 295
47 296
47 297
47 298
47 299
47 300
47 301
48 49
48 50
48 51
48 52
48 70
48 71
48 72
48 290
48 291
48 292
48 293
48 294
48 295
48 296
48 297
48 298
48 299
48 300
48 301
48 302
49 50
49 51
49 52
49 53
49 66
49 70
49 71
49 72
49 73
49 74
49 254
49 255
49 256
49 257
49 260
49 290
49 293
49 294
49 295
49 296
49 297
49 298
49 299
49 300
49 301
50 51
50 52
50 53
50 66
50 67
50 69
50 70
50 71
50 72
50 73
50 74
50 75
50 113
50 254
50 255
50 256
50 294
50 297
50 298
50 300
50 301
51 52
51 53
51 54
51 63
51 66
51 67
51 70
51 71
51 72
51 73
51 74
51 75
51 76
51 113
51 114
51 115
51 116
51 210
51 254
51 255
51 256
51 257
51 260
51 297
51 301
52 53
52 54
52 55
52 56
52 59
52 63
52 66
52 71
52 72
52 73
52 74
52 75
52 76
52 77
52 113
52 114
52 115
52 116
52 117
52 208
52 210
52 211
52 254
52 255
52 256
52 257
52 258
52 259
52 260
53 54
53 55
53 56
53 57
53 58
53 59
53 63
53 66
53 72
53 73
53 74
53 75
53 76
53 77
53 78
53 113
53 114
53 115
53 116
53 117
53 118
53 120
53 121
53 152
53 153
53 171
53 208
53 209
53 210
53 211
53 254
53 255
53 256
53 257
53 258
53 259
53 260
54 55
54 56
54 57
54 58
54 59
54 60
54 61
54 62
54 63
54 66
54 72
54 73
54 74
54 75
54 76
54 77
54 78
54 79
54 80
54 104
54 108
54 113
54 114
54 115
54 116
54 117
54 118
54 119
54 120
54 121
54 152
54 153
54 210
54 256
54 258
54 259
54 260
55 56
55 57
55 58
55 59
55 74
55 75
55 76
55 77
55 78
55 79
55 80
55 81
55 117
55 118
55 119
55 120
55 121
55 122
55 152
55 153
55 210
55 211
55 256
55 257
55 258
55 259
55 260
55 261
55 263
56 57
56 58
56 59
56 75
56 76
56 77
56 78
56 79
56 80
56 81
56 82
56 83
56 117
56 118
56 119
56 120
56 121
56 122
56 123
56 152
56 153
57 58
57 59
57 60
57 75
57 76
57 77
57 78
57 79
57 80
57 81
57 82
57 100
57 101
57 104
57 117
57 118
57 119
57 120
57 121
58 59
58 60
58 61
58 62
58 63
58 74
58 75
58 76
58 77
58 78
58 79
58 80
58 81
58 100
58 101
58 103
58 104
58 105
58 106
58 107
58 108
58 114
58 117
58 118
58 119
58 120
59 60
59 61
59 62
59 63
59 64
59 65
59 66
59 74
59 75
59 76
59 77
59 78
59 79
59 104
59 107
59 108
59 114
60 61
60 62
60 63
60 64
60 65
60 66
60 76
60 104
60 107
60 108
61 62
61 63
61 64
61 65
61 66
61 67
61 76
61 104
61 107
61 108
61 110
61 111
62 63
62 64
62 65
62 66
62 67
62 68
62 70
62 72
62 74
62 107
62 108
62 111
62 113
62 114
63 64
63 65
63 66
63 67
63 68
63 70
63 71
63 72
63 73
63 74
63 75
63 76
63 104
63 107
63 108
63 109
63 110
63 111
63 112
63 113
63 114
63 115
64 65
64 66
64 67
64 68
64 69
64 70
64 71
64 72
64 73
64 74
64 107
64 108
64 109
64 110
64 111
64 112
64 113
64 114
65 66
65 67
65 68
65 69
65 70
65 71
65 72
65 73
65 74
65 111
65 112
65 113
65 114
66 67
66 68
66 69
66 70
66 71
66 72
66 73
66 74
66 75
66 76
66 108
66 110
66 111
66 112
66 113
66 114
66 115
67 68
67 69
67 70
67 71
67 72
67 73
67 74
67 108
67 110
67 111
67 112
67 113
67 114
67 115
68 69
68 70
68 71
68 72
68 73
68 111
68 112
68 113
69 70
69 71
69 72
69 73
69 112
69 113
70 71
70 72
70 73
70 74
70 112
70 113
71 72
71 73
71 74
71 111
71 112
71 113
71 114
71 115
72 73
72 74
72 75
72 111
72 112
72 113
72 114
72 115
73 74
73 75
73 76
73 111
73 112
73 113
73 114
73 115
73 116
73 117
73 254
74 75
74 76
74 77
74 108
74 109
74 111
74 112
74 113
74 114
74 115
74 116
74 117
74 118
74 148
74 256
75 76
75 77
75 78
75 104
75 105
75 108
75 109
75 111
75 112
75 113
75 114
75 115
75 116
75 117
75 118
75 119
75 120
75 121
75 148
75 149
75 150
75 151
75 152
75 153
75 169
75 171
75 208
75 210
75 254
75 256
76 77
76 78
76 79
76 80
76 101
76 104
76 105
76 106
76 107
76 108
76 109
76 111
76 112
76 113
76 114
76 115
76 116
76 117
76 118
76 119
76 120
76 121
76 141
76 148
76 149
76 150
76 151
76 152
76 153
77 78
77 79
77 80
77 81
77 97
77 100
77 101
77 103
77 104
77 105
77 108
77 114
77 115
77 116
77 117
77 118
77 119
77 120
77 121
77 122
77 141
77 150
77 151
77 152
77 153
78 79
78 80
78 81
78 82
78 96
78 97
78 98
78 99
78 100
78 101
78 102
78 103
78 104
78 105
78 107
78 108
78 116
78 117
78 118
78 119
78 120
78 121
78 137
78 138
78 141
78 150
78 151
78 152
78 153
79 80
79 81
79 82
79 83
79 96
79 97
79 98
79 99
79 100
79 101
79 103
79 104
79 117
79 118
79 119
79 120
79 121
79 122
79 123
79 152
80 81
80 82
80 83
80 84
80 88
80 89
80 93
80 94
80 96
80 97
80 98
80 100
80 101
80 117
80 118
80 119
80 120
80 121
80 122
80 123
80 124
80 125
80 130
80 133
80 134
80 137
80 138
80 151
80 152
80 153
80 154
81 82
81 83
81 84
81 85
81 88
81 97
81 118
81 119
81 120
81 121
81 122
81 123
81 124
81 152
81 153
81 154
82 83
82 84
82 85
82 86
82 87
82 88
82 89
82 120
82 121
82 122
82 123
82 124
82 125
82 154
83 84
83 85
83 86
83 87
83 88
83 89
83 90
83 93
83 94
83 97
83 119
83 120
83 121
83 122
83 123
83 124
83 125
83 126
83 127
83 129
83 130
83 131
83 133
83 134
83 152
83 153
83 154
84 85
84 86
84 87
84 88
84 89
84 120
84 121
84 122
84 123
84 124
84 125
84 126
84 127
84 129
84 130
84 154
84 155
84 156
85 86
85 87
85 88
85 89
85 90
85 122
85 123
85 124
85 125
85 126
85 127
85 129
85 130
86 87
86 88
86 89
86 90
86 91
86 93
86 123
86 124
86 125
86 126
86 127
86 128
86 129
86 130
86 131
86 133
87 88
87 89
87 90
87 91
87 92
87 93
87 94
87 124
87 127
87 129
87 130
88 89
88 90
88 91
88 92
88 93
88 94
88 95
88 96
88 97
88 123
88 124
88 125
88 127
88 129
88 130
88 133
89 90
89 91
89 92
89 93
89 94
89 95
89 96
89 97
89 123
89 124
89 125
89 127
89 128
89 129
89 130
89 131
89 132
89 133
89 134
89 136
89 137
90 91
90 92
90 93
90 94
90 95
90 96
90 97
90 129
90 130
90 132
90 133
90 134
91 92
91 93
91 94
91 95
91 96
91 97
91 98
91 129
91 130
91 132
91 133
91 134
91 136
91 137
92 93
92 94
92 95
92 96
92 97
92 98
92 99
92 133
93 94
93 95
93 96
93 97
93 98
93 99
93 100
93 130
93 133
93 134
93 136
93 137
94 95
94 96
94 97
94 98
94 99
94 100
94 101
94 119
94 129
94 130
94 131
94 132
94 133
94 134
94 135
94 136
94 137
94 138
94 140
95 96
95 97
95 98
95 99
95 100
95 101
95 102
95 133
95 134
95 136
95 137
95 140
96 97
96 98
96 99
96 100
96 101
96 102
96 103
96 133
96 136
96 137
97 98
97 99
97 100
97 101
97 102
97 103
97 104
97 118
97 119
97 120
97 133
97 134
97 135
97 136
97 137
97 138
97 140
97 141
98 99
98 100
98 101
98 102
98 103
98 104
98 105
98 119
98 120
98 133
98 134
98 135
98 136
98 137
98 138
98 139
98 140
98 141
98 142
98 143
98 144
99 100
99 101
99 102
99 103
99 104
99 105
99 106
99 119
99 137
99 140
99 141
99 144
100 101
100 102
100 103
100 104
100 105
100 106
100 107
100 119
100 120
100 137
100 140
100 141
101 102
101 103
101 104
101 105
101 106
101 107
101 108
101 109
101 117
101 118
101 119
101 120
101 136
101 137
101 138
101 139
101 140
101 141
101 142
101 143
101 144
101 145
101 150
102 103
102 104
102 105
102 106
102 107
102 108
102 109
102 117
102 119
102 137
102 138
102 140
102 141
102 142
102 143
102 144
102 145
103 104
103 105
103 106
103 107
103 108
103 109
103 141
103 144
103 145
104 105
104 106
104 107
104 108
104 109
104 110
104 111
104 114
104 117
104 118
104 119
104 141
104 144
104 145
105 106
105 107
105 108
105 109
105 110
105 111
105 114
105 115
105 116
105 117
105 118
105 119
105 140
105 141
105 142
105 143
105 144
105 145
105 146
105 147
105 148
105 150
106 107
106 108
106 109
106 110
106 111
106 141
106 144
106 145
107 108
107 109
107 110
107 111
107 114
107 145
108 109
108 110
108 111
108 112
108 113
108 114
108 115
108 116
108 117
108 145
108 148
109 110
109 111
109 112
109 113
109 114
109 115
109 116
109 117
109 141
109 144
109 145
109 146
109 147
109 148
110 111
110 112
110 113
110 114
110 115
110 145
110 147
110 148
111 112
111 113
111 114
111 115
111 116
111 147
111 148
112 113
112 114
112 115
112 116
112 147
112 148
113 114
113 115
113 116
113 117
113 148
114 115
114 116
114 117
114 118
114 147
114 148
114 149
114 150
115 116
115 117
115 118
115 145
115 146
115 147
115 148
115 149
115 150
115 151
115 169
116 117
116 118
116 119
116 138
116 141
116 142
116 145
116 146
116 147
116 148
116 149
116 150
116 151
116 152
116 153
116 167
116 168
116 169
116 170
116 171
116 208
117 118
117 119
117 120
117 121
117 137
117 138
117 139
117 140
117 141
117 142
117 145
117 146
117 147
117 148
117 149
117 150
117 151
117 152
117 153
117 167
117 168
117 169
117 171
118 119
118 120
118 121
118 122
118 123
118 134
118 137
118 138
118 141
118 142
118 148
118 149
118 150
118 151
118 152
118 153
118 154
118 167
118 168
118 169
118 170
118 171
118 210
119 120
119 121
119 122
119 123
119 133
119 134
119 135
119 136
119 137
119 138
119 139
119 140
119 141
119 142
119 149
119 150
119 151
119 152
119 153
119 154
119 163
119 166
119 167
119 171
120 121
120 122
120 123
120 124
120 125
120 130
120 131
120 133
120 134
120 135
120 137
120 138
120 150
120 151
120 152
120 153
120 154
120 155
120 163
120 164
120 167
120 171
121 122
121 123
121 124
121 125
121 134
121 151
121 152
121 153
121 154
121 155
121 156
121 163
121 171
121 172
121 173
121 210
121 211
122 123
122 124
122 125
122 126
122 130
122 134
122 151
122 152
122 153
122 154
122 155
122 156
122 157
122 161
122 163
122 164
122 171
122 172
122 173
122 174
122 210
122 211
123 124
123 125
123 126
123 127
123 128
123 129
123 130
123 131
123 133
123 134
123 151
123 152
123 153
123 154
123 155
123 156
123 157
123 161
123 162
123 163
123 164
123 173
124 125
124 126
124 127
124 128
124 129
124 130
124 131
124 132
124 133
124 134
124 152
124 153
124 154
124 155
124 156
124 157
124 160
124 161
124 162
124 163
124 164
125 126
125 127
125 128
125 129
125 130
125 131
125 132
125 133
125 134
125 135
125 152
125 153
125 154
125 155
125 156
125 157
125 158
125 159
125 160
125 161
125 162
125 163
125 164
125 165
125 166
125 167
126 127
126 128
126 129
126 130
126 131
126 132
126 133
126 134
126 154
126 155
126 156
126 157
126 158
126 159
126 160
126 161
126 162
126 163
126 164
126 165
127 128
127 129
127 130
127 131
127 132
127 133
127 134
127 156
127 157
127 159
127 160
127 161
127 162
127 163
127 164
128 129
128 130
128 131
128 132
128 133
128 134
128 135
128 160
128 161
128 162
128 163
128 164
129 130
129 131
129 132
129 133
129 134
129 135
129 136
129 161
129 162
129 163
130 131
130 132
130 133
130 134
130 135
130 136
130 137
130 138
130 152
130 160
130 161
130 162
130 163
130 164
131 132
131 133
131 134
131 135
131 136
131 137
131 138
131 139
131 152
131 156
131 160
131 161
131 162
131 163
131 164
131 165
131 166
131 167
132 133
132 134
132 135
132 136
132 137
132 138
132 139
132 161
132 162
132 163
132 164
132 165
132 166
133 134
133 135
133 136
133 137
133 138
133 139
133 140
133 152
133 162
133 163
133 166
134 135
134 136
134 137
134 138
134 139
134 140
134 141
134 150
134 151
134 152
134 153
134 154
134 161
134 162
134 163
134 164
134 165
134 166
134 167
135 136
135 137
135 138
135 139
135 140
135 141
135 142
135 150
135 151
135 152
135 162
135 163
135 164
135 165
135 166
135 167
135 168
136 137
136 138
136 139
136 140
136 141
136 142
136 143
136 150
136 163
136 166
136 167
137 138
137 139
137 140
137 141
137 142
137 143
137 144
137 150
137 151
137 152
137 163
137 166
137 167
138 139
138 140
138 141
138 142
138 143
138 144
138 145
138 146
138 149
138 150
138 151
138 152
138 163
138 164
138 165
138 166
138 167
138 168
139 140
139 141
139 142
139 143
139 144
139 145
139 146
139 149
139 150
139 151
139 163
139 165
139 166
139 167
139 168
140 141
140 142
140 143
140 144
140 145
140 146
140 149
140 150
140 151
140 166
141 142
141 143
141 144
141 145
141 146
141 147
141 148
141 149
141 150
141 151
141 152
141 166
141 167
142 143
142 144
142 145
142 146
142 147
142 148
142 149
142 150
142 151
142 166
142 167
142 168
143 144
143 145
143 146
143 147
143 148
143 149
143 150
144 145
144 146
144 147
144 148
144 150
145 146
145 147
145 148
145 149
145 150
146 147
146 148
146 149
146 150
147 148
147 149
147 150
148 149
148 150
148 151
148 167
148 168
148 169
149 150
149 151
149 152
149 166
149 167
149 168
149 169
149 170
149 206
150 151
150 152
150 153
150 164
150 166
150 167
150 168
150 169
150 170
150 171
151 152
151 153
151 154
151 163
151 164
151 165
151 166
151 167
151 168
151 169
151 170
151 171
151 172
151 205
151 206
151 207
151 208
151 210
152 153
152 154
152 155
152 156
152 161
152 162
152 163
152 164
152 165
152 166
152 167
152 168
152 169
152 170
152 171
152 172
152 173
152 207
152 208
152 210
153 154
153 155
153 156
153 161
153 163
153 164
153 166
153 167
153 168
153 169
153 170
153 171
153 172
153 173
153 174
153 207
153 208
153 209
153 210
153 211
153 256
154 155
154 156
154 157
154 158
154 160
154 161
154 162
154 163
154 164
154 167
154 169
154 170
154 171
154 172
154 173
154 174
154 199
154 207
154 208
154 209
154 210
154 211
155 156
155 157
155 158
155 160
155 161
155 163
155 164
155 170
155 171
155 172
155 173
155 174
155 175
155 176
155 179
155 195
155 209
155 210
155 211
155 212
156 157
156 158
156 159
156 160
156 161
156 162
156 163
156 164
156 170
156 171
156 172
156 173
156 174
156 195
156 199
157 158
157 159
157 160
157 161
157 162
157 163
157 164
157 172
157 173
157 174
157 194
157 195
157 196
157 198
157 199
157 202
158 159
158 160
158 161
158 162
158 163
158 164
158 165
158 170
158 171
158 172
158 173
158 194
158 195
158 196
158 197
158 198
158 199
158 200
158 201
158 202
158 203
159 160
159 161
159 162
159 163
159 164
159 165
159 195
159 198
159 199
159 200
159 201
159 202
159 203
160 161
160 162
160 163
160 164
160 165
160 198
160 199
160 202
161 162
161 163
161 164
161 165
161 166
161 167
161 170
161 172
161 199
161 202
161 203
162 163
162 164
162 165
162 166
162 167
162 203
163 164
163 165
163 166
163 167
163 168
163 169
163 170
163 171
163 203
164 165
164 166
164 167
164 168
164 169
164 170
164 171
164 172
164 199
164 200
164 202
164 203
164 204
164 205
164 207
165 166
165 167
165 168
165 169
165 170
165 199
165 200
165 202
165 203
165 204
165 205
166 167
166 168
166 169
166 170
166 203
166 204
166 205
167 168
167 169
167 170
167 171
167 172
167 203
167 204
167 205
167 206
167 207
167 208
168 169
168 170
168 171
168 203
168 204
168 205
168 206
168 207
168 208
169 170
169 171
169 172
169 199
169 200
169 203
169 204
169 205
169 206
169 207
169 208
169 209
169 210
169 251
169 252
169 253
169 254
170 171
170 172
170 173
170 195
170 196
170 199
170 200
170 202
170 203
170 204
170 205
170 206
170 207
170 208
170 209
170 210
170 251
170 252
170 253
170 254
170 255
171 172
171 173
171 174
171 195
171 196
171 199
171 200
171 203
171 205
171 206
171 207
171 208
171 209
171 210
171 211
171 212
171 251
171 252
171 253
171 254
171 255
171 256
172 173
172 174
172 175
172 192
172 195
172 196
172 199
172 200
172 206
172 207
172 208
172 209
172 210
172 211
172 212
172 252
172 253
172 254
172 255
172 256
172 257
172 258
173 174
173 175
173 176
173 178
173 179
173 192
173 195
173 196
173 207
173 208
173 209
173 210
173 211
173 212
173 213
173 240
173 255
173 256
173 257
173 258
174 175
174 176
174 177
174 178
174 179
174 180
174 188
174 189
174 191
174 192
174 193
174 194
174 195
174 196
174 208
174 209
174 210
174 211
174 212
174 213
174 214
174 236
174 240
174 255
174 256
174 257
174 258
175 176
175 177
175 178
175 179
175 180
175 181
175 182
175 183
175 184
175 185
175 187
175 188
175 189
175 191
175 192
175 195
175 209
175 210
175 211
175 212
175 213
175 214
175 215
175 233
175 236
175 237
175 239
175 240
175 257
175 258
175 277
176 177
176 178
176 179
176 180
176 181
176 182
176 183
176 184
176 185
176 186
176 187
176 188
176 189
176 190
176 191
176 192
176 193
176 195
176 211
176 212
176 213
176 214
176 233
176 235
176 236
176 237
176 239
176 240
176 243
177 178
177 179
177 180
177 181
177 182
177 183
177 184
177 185
177 186
177 187
177 188
177 189
177 190
177 191
177 192
177 212
177 213
177 214
177 215
177 225
177 226
177 227
177 228
177 232
177 233
177 235
177 236
177 237
177 239
177 240
178 179
178 180
178 181
178 182
178 183
178 184
178 185
178 187
178 188
178 212
178 213
178 214
178 215
178 216
178 226
178 227
178 228
178 232
178 233
178 235
178 236
178 237
178 240
178 270
178 277
179 180
179 181
179 182
179 183
179 184
179 212
179 213
179 214
179 215
179 227
179 270
180 181
180 182
180 183
180 184
180 185
180 187
180 188
180 191
180 214
181 182
181 183
181 184
181 185
181 186
181 187
181 188
181 191
181 227
182 183
182 184
182 185
182 186
182 187
182 188
182 214
182 215
182 225
182 226
182 227
182 228
182 232
182 236
183 184
183 185
183 186
183 187
183 188
183 214
183 215
183 224
183 225
183 226
183 227
183 228
183 229
183 231
183 232
183 233
183 235
183 236
184 185
184 186
184 187
184 188
184 189
184 190
184 191
184 214
184 224
184 225
184 226
184 227
184 232
184 233
184 235
184 236
184 239
185 186
185 187
185 188
185 189
185 190
185 191
185 192
185 213
185 214
185 224
185 225
185 226
185 227
185 231
185 232
185 233
185 234
185 235
185 236
185 237
185 238
185 239
185 240
185 242
185 243
186 187
186 188
186 189
186 190
186 191
186 192
186 225
186 232
186 235
186 236
186 238
186 239
186 240
186 242
186 243
187 188
187 189
187 190
187 191
187 192
187 193
187 194
187 235
187 236
187 239
187 240
187 242
187 243
188 189
188 190
188 191
188 192
188 193
188 194
188 195
188 212
188 213
188 235
188 236
188 237
188 238
188 239
188 240
188 241
188 242
188 243
188 244
189 190
189 191
189 192
189 193
189 194
189 195
189 196
189 235
189 236
189 237
189 238
189 239
189 240
189 241
189 242
189 243
189 244
189 245
189 246
190 191
190 192
190 193
190 194
190 195
190 196
190 197
190 239
190 240
190 242
190 243
190 244
190 246
191 192
191 193
191 194
191 195
191 196
191 197
191 198
191 239
191 240
191 242
191 243
191 244
192 193
192 194
192 195
192 196
192 197
192 198
192 199
192 209
192 212
192 236
192 239
192 240
192 241
192 242
192 243
192 244
192 245
192 246
192 247
192 252
193 194
193 195
193 196
193 197
193 198
193 199
193 200
193 207
193 209
193 239
193 240
193 241
193 242
193 243
193 244
193 245
193 246
193 247
193 248
193 251
193 252
194 195
194 196
194 197
194 198
194 199
194 200
194 201
194 243
194 244
194 246
194 247
195 196
195 197
195 198
195 199
195 200
195 201
195 202
195 203
195 207
195 208
195 209
195 243
195 244
195 247
195 252
196 197
196 198
196 199
196 200
196 201
196 202
196 203
196 204
196 205
196 206
196 207
196 208
196 209
196 243
196 244
196 245
196 246
196 247
196 248
196 250
196 251
196 252
196 253
197 198
197 199
197 200
197 201
197 202
197 203
197 204
197 205
197 206
197 207
197 243
197 244
197 246
197 247
197 250
197 251
197 252
198 199
198 200
198 201
198 202
198 203
198 204
198 205
198 207
199 200
199 201
199 202
199 203
199 204
199 205
199 206
199 207
199 208
199 209
199 251
199 252
200 201
200 202
200 203
200 204
200 205
200 206
200 207
200 208
200 247
200 250
200 251
200 252
200 253
201 202
201 203
201 204
201 205
201 206
201 207
201 251
202 203
202 204
202 205
202 206
203 204
203 205
203 206
203 207
203 251
204 205
204 206
204 207
204 250
204 251
204 252
205 206
205 207
205 208
205 250
205 251
205 252
205 253
206 207
206 208
206 209
206 210
206 247
206 248
206 249
206 250
206 251
206 252
206 253
206 254
206 255
207 208
207 209
207 210
207 211
207 244
207 247
207 248
207 249
207 250
207 251
207 252
207 253
207 254
207 255
207 256
208 209
208 210
208 211
208 212
208 244
208 247
208 248
208 249
208 250
208 251
208 252
208 253
208 254
208 255
208 256
208 257
209 210
209 211
209 212
209 213
209 240
209 241
209 243
209 244
209 245
209 247
209 248
209 251
209 252
209 253
209 254
209 255
209 256
209 257
209 258
210 211
210 212
210 213
210 244
210 252
210 253
210 254
210 255
210 256
210 257
210 258
210 259
211 212
211 213
211 214
211 237
211 240
211 254
211 255
211 256
211 257
211 258
211 259
211 260
211 277
211 278
212 213
212 214
212 215
212 233
212 236
212 237
212 238
212 239
212 240
212 241
212 243
212 244
212 255
212 256
212 257
212 258
212 259
212 260
212 277
212 278
212 279
213 214
213 215
213 216
213 228
213 229
213 230
213 232
213 233
213 234
213 235
213 236
213 237
213 238
213 239
213 240
213 241
213 255
213 256
213 257
213 258
213 259
213 260
213 261
213 262
213 275
213 276
213 277
213 278
213 279
213 289
213 290
213 293
214 215
214 216
214 217
214 225
214 226
214 227
214 228
214 229
214 230
214 231
214 232
214 233
214 234
214 235
214 236
214 237
214 238
214 239
214 240
214 257
214 258
214 259
214 262
214 275
214 276
214 277
214 278
214 279
214 289
215 216
215 217
215 218
215 220
215 226
215 227
215 228
215 229
215 230
215 231
215 232
215 233
215 234
215 236
215 237
215 258
215 259
215 261
215 262
215 263
215 270
215 271
215 272
215 273
215 274
215 275
215 276
215 277
215 278
215 279
215 280
215 281
215 287
215 289
216 217
216 218
216 219
216 220
216 221
216 222
216 225
216 226
216 227
216 228
216 229
216 230
216 231
216 232
216 233
216 234
216 235
216 236
216 237
216 258
216 259
216 261
216 262
216 271
216 272
216 273
216 274
216 275
216 276
216 277
216 278
216 279
216 280
216 281
216 286
216 287
216 288
216 289
216 290
217 218
217 219
217 220
217 221
217 227
217 228
217 229
217 230
217 231
217 232
217 233
217 261
217 262
217 271
217 272
217 273
217 274
217 275
217 276
217 277
217 278
217 279
217 280
217 281
217 282
217 286
217 287
217 288
217 289
218 219
218 220
218 221
218 222
218 228
218 229
218 230
218 231
218 232
218 233
218 262
218 276
218 277
218 278
218 279
218 280
218 281
218 282
218 285
218 286
218 287
218 288
218 289
218 290
219 220
219 221
219 222
219 228
219 229
219 230
219 231
219 281
219 286
219 287
219 288
220 221
220 222
220 223
220 224
220 225
220 226
220 227
220 228
220 229
220 230
220 231
220 232
220 233
220 287
220 288
221 222
221 223
221 224
221 225
221 226
221 227
221 228
221 229
221 230
221 231
221 232
221 233
221 234
221 235
221 287
221 288
221 289
222 223
222 224
222 225
222 226
222 227
222 228
222 229
222 230
222 231
222 232
222 233
222 234
222 235
223 224
223 225
223 226
223 227
223 229
223 230
223 231
223 232
223 234
223 235
224 225
224 226
224 227
224 229
224 230
224 231
224 232
224 233
224 234
224 235
225 226
225 227
225 228
225 229
225 230
225 231
225 232
225 233
225 234
225 235
225 236
225 237
225 238
226 227
226 228
226 229
226 230
226 231
226 232
226 233
226 234
226 235
226 236
227 228
227 229
227 230
227 231
227 232
227 233
227 234
227 235
227 236
228 229
228 230
228 231
228 232
228 233
228 234
228 235
228 236
228 270
228 271
228 272
228 275
228 276
228 277
228 278
229 230
229 231
229 232
229 233
229 234
229 235
229 236
229 276
229 277
229 279
229 287
229 288
229 289
230 231
230 232
230 233
230 234
230 235
230 236
230 237
230 276
230 277
230 278
230 279
230 280
230 281
230 286
230 287
230 288
230 289
230 290
230 291
230 292
231 232
231 233
231 234
231 235
231 236
231 237
231 238
231 239
231 279
231 287
231 288
231 289
231 290
231 291
231 292
232 233
232 234
232 235
232 236
232 237
232 238
232 239
232 277
232 287
232 288
232 289
233 234
233 235
233 236
233 237
233 238
233 239
233 240
233 241
233 257
233 258
233 276
233 277
233 278
233 279
233 287
233 288
233 289
233 290
233 291
233 292
233 293
234 235
234 236
234 237
234 238
234 239
234 240
234 241
234 257
234 278
234 279
234 287
234 288
234 289
234 290
234 291
234 292
234 293
234 294
235 236
235 237
235 238
235 239
235 240
235 241
235 242
235 288
235 289
235 292
235 293
236 237
236 238
236 239
236 240
236 241
236 242
236 243
236 257
236 289
236 292
236 293
237 238
237 239
237 240
237 241
237 242
237 243
237 244
237 255
237 256
237 257
237 258
237 277
237 278
237 279
237 288
237 289
237 290
237 291
237 292
237 293
237 294
237 296
238 239
238 240
238 241
238 242
238 243
238 244
238 245
238 257
238 288
238 289
238 290
238 291
238 292
238 293
238 294
238 295
238 296
239 240
239 241
239 242
239 243
239 244
239 245
239 246
239 292
239 293
240 241
240 242
240 243
240 244
240 245
240 246
240 247
240 248
240 255
240 256
240 257
240 258
240 293
240 296
241 242
241 243
241 244
241 245
241 246
241 247
241 248
241 252
241 254
241 255
241 256
241 257
241 292
241 293
241 295
241 296
241 297
241 300
242 243
242 244
242 245
242 246
242 247
242 248
242 296
243 244
243 245
243 246
243 247
243 248
243 249
243 252
243 255
244 245
244 246
244 247
244 248
244 249
244 250
244 251
244 252
244 253
244 254
244 255
244 256
244 257
244 296
244 300
245 246
245 247
245 248
245 249
245 250
245 251
245 252
245 253
245 254
245 255
245 296
245 300
246 247
246 248
246 249
246 250
246 251
246 252
246 253
247 248
247 249
247 250
247 251
247 252
247 253
247 254
247 255
248 249
248 250
248 251
248 252
248 253
248 254
248 255
248 300
249 250
249 251
249 252
249 253
249 254
249 300
249 303
250 251
250 252
250 253
250 254
251 252
251 253
251 254
251 255
252 253
252 254
252 255
252 256
253 254
253 255
253 256
254 255
254 256
254 257
254 297
254 300
255 256
255 257
255 258
255 259
255 293
255 296
255 297
255 300
256 257
256 258
256 259
256 260
256 278
256 279
256 293
256 297
257 258
257 259
257 260
257 261
257 277
257 278
257 279
257 280
257 289
257 290
257 293
257 294
257 296
257 297
258 259
258 260
258 261
258 262
258 263
258 275
258 276
258 277
258 278
258 279
258 280
258 290
258 293
259 260
259 261
259 262
259 263
259 264
259 275
259 276
259 277
259 278
259 279
259 280
259 281
259 282
259 284
259 289
259 290
260 261
260 262
260 263
260 275
260 276
260 277
260 278
260 279
260 280
260 281
260 282
260 283
260 284
260 285
260 286
260 287
260 289
260 290
260 293
260 294
261 262
261 263
261 264
261 274
261 275
261 276
261 277
261 278
261 279
261 280
261 281
261 282
261 283
261 284
261 285
261 286
261 287
261 289
261 290
262 263
262 264
262 265
262 271
262 272
262 273
262 274
262 275
262 276
262 277
262 278
262 279
262 280
262 281
262 282
262 283
262 284
262 285
262 286
262 287
263 264
263 265
263 266
263 267
263 271
263 272
263 273
263 274
263 275
263 276
263 277
263 278
263 279
263 280
263 281
263 282
263 283
263 284
264 265
264 266
264 267
264 268
264 271
264 272
264 273
264 274
264 275
264 276
264 277
264 278
264 281
264 282
265 266
265 267
265 268
265 269
265 270
265 271
265 272
265 273
265 274
265 275
265 276
265 277
266 267
266 268
266 269
266 270
266 271
266 272
266 273
266 274
266 275
267 268
267 269
267 270
267 271
267 272
267 273
267 274
267 275
268 269
268 270
268 271
268 272
268 273
268 274
268 275
269 270
269 271
269 272
269 273
269 274
269 275
270 271
270 272
270 273
270 274
270 275
270 276
270 277
271 272
271 273
271 274
271 275
271 276
271 277
272 273
272 274
272 275
272 276
272 277
273 274
273 275
273 276
273 277
273 282
274 275
274 276
274 277
274 278
274 281
274 282
275 276
275 277
275 278
275 279
275 280
275 281
275 282
276 277
276 278
276 279
276 280
276 281
276 282
276 287
277 278
277 279
277 280
277 281
277 282
277 287
277 289
277 290
278 279
278 280
278 281
278 282
278 283
278 284
278 285
278 286
278 287
278 288
278 289
278 290
278 293
279 280
279 281
279 282
279 283
279 284
279 285
279 286
279 287
279 288
279 289
279 290
279 291
279 292
279 293
279 294
280 281
280 282
280 283
280 284
280 285
280 286
280 287
280 288
280 289
280 290
280 291
280 293
280 294
281 282
281 283
281 284
281 285
281 286
281 287
281 288
281 289
281 290
282 283
282 284
282 285
282 286
282 287
283 284
283 285
283 286
283 287
284 285
284 286
284 287
284 290
285 286
285 287
285 288
285 289
285 290
285 291
286 287
286 288
286 289
286 290
286 291
286 292
286 293
286 294
287 288
287 289
287 290
287 291
287 292
287 293
287 294
288 289
288 290
288 291
288 292
288 293
288 294
288 295
289 290
289 291
289 292
289 293
289 294
289 295
289 296
290 291
290 292
290 293
290 294
290 295
290 296
290 297
291 292
291 293
291 294
291 295
291 296
291 297
291 298
292 293
292 294
292 295
292 296
292 297
292 298
292 299
293 294
293 295
293 296
293 297
293 298
293 299
293 300
293 301
294 295
294 296
294 297
294 298
294 299
294 300
294 301
295 296
295 297
295 298
295 299
295 300
295 301
295 302
296 297
296 298
296 299
296 300
296 301
296 302
296 303
297 298
297 299
297 300
297 301
297 302
297 303
298 299
298 300
298 301
298 302
298 303
299 300
299 301
299 302
299 303
300 301
300 302
300 303
301 302
301 303
302 303