142
0 1
0 2
0 3
0 4
0 5
0 6
0 124
0 125
0 126
0 127
0 128
0 129
0 130
0 131
0 132
0 133
0 135
1 2
1 3
1 4
1 5
1 6
1 7
1 8
1 9
1 78
1 79
1 81
1 124
1 125
1 126
1 127
1 128
1 129
1 130
1 131
1 132
1 133
2 3
2 4
2 5
2 6
2 7
2 8
2 9
2 78
2 79
2 124
2 125
2 126
2 127
2 128
2 129
2 132
3 4
3 5
3 6
3 7
3 8
3 9
3 10
3 78
3 79
3 125
3 128
3 129
4 5
4 6
4 7
4 8
4 9
4 10
4 11
4 12
4 78
4 121
4 122
4 124
4 125
4 126
4 128
4 129
5 6
5 7
5 8
5 9
5 10
5 11
5 12
5 13
5 75
5 78
5 79
5 120
5 121
5 122
5 123
5 124
5 125
5 126
5 127
5 128
5 129
5 130
5 132
6 7
6 8
6 9
6 10
6 11
6 12
6 13
6 74
6 75
6 76
6 77
6 78
6 79
6 80
6 121
6 122
6 123
6 124
6 125
6 126
6 127
6 128
6 129
6 130
6 132
7 8
7 9
7 10
7 11
7 12
7 13
7 14
7 75
7 76
7 77
7 78
7 79
7 120
7 121
7 122
7 125
7 126
7 129
8 9
8 10
8 11
8 12
8 13
8 14
8 15
8 75
8 76
8 78
8 113
8 116
8 117
8 119
8 120
8 121
8 122
8 123
8 124
8 125
8 126
8 127
8 128
8 129
9 10
9 11
9 12
9 13
9 14
9 15
9 16
9 17
9 71
9 72
9 74
9 75
9 76
9 77
9 78
9 112
9 113
9 116
9 117
9 119
9 120
9 121
9 122
9 123
9 124
9 125
9 126
9 127
9 128
9 129
9 130
10 11
10 12
10 13
10 14
10 15
10 16
10 17
10 71
10 72
10 73
10 74
10 75
10 76
10 77
10 78
10 79
10 116
10 119
10 120
10 121
10 122
10 125
10 126
10 129
11 12
11 13
11 14
11 15
11 16
11 17
11 18
11 72
11 75
11 76
11 116
11 117
11 119
11 120
11 121
11 122
11 125
11 126
12 13
12 14
12 15
12 16
12 17
12 18
12 19
12 20
12 71
12 72
12 75
12 112
12 113
12 114
12 115
12 116
12 117
12 118
12 119
12 120
12 121
12 122
12 123
12 125
12 126
13 14
13 15
13 16
13 17
13 18
13 19
13 20
13 23
13 24
13 68
13 69
13 70
13 71
13 72
13 73
13 74
13 75
13 76
13 112
13 113
13 115
13 116
13 117
13 118
13 119
13 120
13 121
13 122
13 125
13 126
13 129
14 15
14 16
14 17
14 18
14 19
14 20
14 68
14 71
14 72
14 73
14 75
14 76
14 116
14 119
14 120
14 121
15 16
15 17
15 18
15 19
15 20
15 21
15 23
15 24
15 72
15 116
15 117
15 118
15 119
15 120
15 121
16 17
16 18
16 19
16 20
16 21
16 22
16 23
16 24
16 25
16 26
16 27
16 64
16 68
16 71
16 72
16 112
16 113
16 115
16 116
16 117
16 118
16 119
16 120
16 121
17 18
17 19
17 20
17 21
17 22
17 23
17 24
17 27
17 64
17 65
17 66
17 67
17 68
17 69
17 70
17 71
17 72
17 73
17 75
17 116
17 119
18 19
18 20
18 21
18 22
18 23
18 24
18 65
18 68
18 72
18 119
19 20
19 21
19 22
19 23
19 24
19 25
19 26
19 27
19 64
19 65
19 68
19 116
19 118
19 119
20 21
20 22
20 23
20 24
20 25
20 26
20 27
20 28
20 60
20 61
20 62
20 63
20 64
20 65
20 66
20 67
20 68
20 69
20 71
20 72
20 115
20 116
20 119
21 22
21 23
21 24
21 25
21 26
21 27
21 28
21 55
21 56
21 58
21 60
21 61
21 62
21 63
21 64
21 65
21 66
21 67
21 68
22 23
22 24
22 25
22 26
22 27
22 28
22 29
22 55
22 56
22 60
22 61
22 64
22 65
23 24
23 25
23 26
23 27
23 28
23 29
23 30
23 55
23 56
23 60
23 61
23 64
23 65
23 67
23 68
23 112
23 115
23 116
23 118
23 119
24 25
24 26
24 27
24 28
24 29
24 30
24 31
24 55
24 56
24 60
24 61
24 62
24 63
24 64
24 65
24 66
24 67
24 68
24 69
24 71
24 112
24 115
24 116
25 26
25 27
25 28
25 29
25 30
25 31
25 32
25 51
25 53
25 54
25 55
25 56
25 57
25 58
25 59
25 60
25 61
25 62
25 63
25 64
25 65
25 66
25 67
25 68
25 115
26 27
26 28
26 29
26 30
26 31
26 32
26 33
26 52
26 54
26 55
26 56
26 60
26 61
26 63
26 64
26 111
26 112
26 115
26 116
26 118
27 28
27 29
27 30
27 31
27 32
27 33
27 34
27 55
27 60
27 61
27 63
27 64
27 65
27 67
27 68
27 108
27 109
27 110
27 111
27 112
27 113
27 114
27 115
27 116
27 117
27 118
28 29
28 30
28 31
28 32
28 33
28 34
28 35
28 36
28 38
28 39
28 42
28 51
28 52
28 54
28 55
28 56
28 59
28 60
28 61
28 62
28 63
28 64
28 65
28 66
28 67
28 68
28 107
28 108
28 109
28 111
28 112
28 115
29 30
29 31
29 32
29 33
29 34
29 35
29 36
29 38
29 39
29 42
29 50
29 51
29 52
29 53
29 54
29 55
29 56
29 60
29 63
29 64
29 108
29 111
29 112
29 115
30 31
30 32
30 33
30 34
30 35
30 36
30 38
30 39
30 51
30 52
30 55
30 107
30 108
30 109
30 110
30 111
30 112
30 113
30 114
30 115
30 116
31 32
31 33
31 34
31 35
31 36
31 37
31 38
31 39
31 40
31 42
31 51
31 55
31 104
31 105
31 106
31 107
31 108
31 109
31 110
31 111
31 112
31 113
31 114
31 115
32 33
32 34
32 35
32 36
32 37
32 38
32 39
32 40
32 41
32 42
32 43
32 50
32 51
32 52
32 53
32 54
32 55
32 60
32 104
32 107
32 108
32 111
32 112
33 34
33 35
33 36
33 37
33 38
33 39
33 40
33 50
33 51
33 52
33 54
33 55
33 107
33 108
33 111
34 35
34 36
34 37
34 38
34 39
34 51
34 104
34 107
34 108
34 110
34 111
34 112
35 36
35 37
35 38
35 39
35 40
35 41
35 42
35 51
35 103
35 104
35 105
35 106
35 107
35 108
35 110
35 111
36 37
36 38
36 39
36 40
36 41
36 42
36 43
36 50
36 51
36 52
36 104
36 107
36 108
37 38
37 39
37 40
37 41
37 42
37 43
37 51
37 99
37 100
37 101
37 103
37 104
37 105
37 107
37 108
38 39
38 40
38 41
38 42
38 43
38 51
38 95
38 98
38 99
38 100
38 101
38 102
38 103
38 104
38 105
38 106
38 107
38 108
38 111
39 40
39 41
39 42
39 43
39 44
39 45
39 46
39 47
39 48
39 49
39 50
39 51
39 52
39 54
39 55
39 60
39 100
39 104
39 107
39 108
40 41
40 42
40 43
40 44
40 45
40 46
40 47
40 48
40 49
40 50
40 51
40 98
40 99
40 100
40 104
41 42
41 43
41 44
41 45
41 46
41 47
41 48
41 51
41 95
41 96
41 97
41 98
41 99
41 100
41 101
41 104
41 105
42 43
42 44
42 45
42 46
42 47
42 48
42 49
42 50
42 51
42 54
42 59
42 60
42 63
42 95
42 98
42 99
42 100
43 44
43 45
43 46
43 47
43 48
43 49
43 50
43 51
43 54
43 59
43 60
43 98
44 45
44 46
44 47
44 48
44 49
44 50
44 59
44 98
45 46
45 47
45 48
45 49
45 50
45 51
45 54
45 57
45 58
45 59
45 60
45 61
45 62
45 63
46 47
46 48
46 49
46 50
46 51
46 52
46 53
46 54
46 55
46 56
46 57
46 58
46 59
46 60
46 61
46 62
46 63
47 48
47 49
47 50
47 51
47 53
47 54
47 57
47 58
47 59
47 60
48 49
48 50
48 51
48 52
48 53
48 54
49 50
49 51
49 52
49 53
49 54
49 55
49 57
49 59
49 60
50 51
50 52
50 53
50 54
50 55
50 57
51 52
51 53
51 54
51 55
51 56
51 57
51 60
52 53
52 54
52 55
52 56
52 57
53 54
53 55
53 56
53 57
53 58
53 59
53 60
54 55
54 56
54 57
54 58
54 59
54 60
54 61
54 62
54 63
55 56
55 57
55 58
55 59
55 60
55 61
55 62
55 63
55 64
56 57
56 58
56 59
56 60
56 61
56 62
56 63
56 64
57 58
57 59
57 60
57 61
57 62
57 63
57 64
58 59
58 60
58 61
58 62
58 63
58 64
58 65
59 60
59 61
59 62
59 63
59 64
59 65
59 66
60 61
60 62
60 63
60 64
60 65
60 66
60 67
61 62
61 63
61 64
61 65
61 66
61 67
61 68
62 63
62 64
62 65
62 66
62 67
62 68
62 69
63 64
63 65
63 66
63 67
63 68
63 69
63 70
64 65
64 66
64 67
64 68
64 69
64 70
64 71
65 66
65 67
65 68
65 69
65 70
65 71
65 72
66 67
66 68
66 69
66 70
66 71
66 72
66 73
66 91
67 68
67 69
67 70
67 71
67 72
67 73
67 74
67 91
67 105
67 108
67 109
67 112
68 69
68 70
68 71
68 72
68 73
68 74
68 75
68 112
69 70
69 71
69 72
69 73
69 74
69 75
69 76
69 87
69 91
70 71
70 72
70 73
70 74
70 75
70 76
70 77
70 84
70 86
70 87
70 88
70 90
70 91
70 92
70 133
71 72
71 73
71 74
71 75
71 76
71 77
71 78
71 84
71 87
71 88
71 91
71 108
71 109
71 112
71 126
71 129
71 130
71 133
72 73
72 74
72 75
72 76
72 77
72 78
72 84
72 87
73 74
73 75
73 76
73 77
73 78
73 80
73 83
73 84
73 85
73 86
73 87
73 88
73 91
74 75
74 76
74 77
74 78
74 79
74 80
74 81
74 82
74 83
74 84
74 85
74 86
74 87
74 88
74 91
74 126
74 129
74 130
74 132
74 133
75 76
75 77
75 78
75 79
75 80
75 81
75 83
75 84
75 87
75 125
75 126
75 129
75 130
75 132
75 133
76 77
76 78
76 79
76 80
76 81
76 83
76 84
76 87
76 129
77 78
77 79
77 80
77 81
77 82
77 83
77 84
77 85
77 86
77 87
77 88
77 129
77 133
78 79
78 80
78 81
78 82
78 83
78 84
78 85
78 87
78 125
78 126
78 128
78 129
78 130
78 132
78 133
79 80
79 81
79 82
79 83
79 84
79 85
79 129
79 132
80 81
80 82
80 83
80 84
80 85
80 86
80 87
80 132
80 133
81 82
81 83
81 84
81 85
81 86
81 87
81 88
81 89
81 129
81 132
81 133
81 135
81 136
82 83
82 84
82 85
82 86
82 87
82 88
82 89
82 133
82 136
83 84
83 85
83 86
83 87
83 88
83 89
83 90
83 133
83 136
84 85
84 86
84 87
84 88
84 89
84 90
84 91
84 92
84 129
84 130
84 132
84 133
84 134
84 135
84 136
84 137
85 86
85 87
85 88
85 89
85 90
85 91
85 92
85 132
85 133
85 134
85 135
85 136
85 137
85 138
85 139
85 140
86 87
86 88
86 89
86 90
86 91
86 92
86 93
86 133
86 136
86 137
86 140
87 88
87 89
87 90
87 91
87 92
87 93
87 94
87 133
87 136
87 137
87 140
88 89
88 90
88 91
88 92
88 93
88 94
88 95
88 96
88 102
88 105
88 130
88 132
88 133
88 134
88 135
88 136
88 137
88 138
88 139
88 140
88 141
89 90
89 91
89 92
89 93
89 94
89 95
89 96
89 133
89 134
89 135
89 136
89 137
89 138
89 139
89 140
89 141
90 91
90 92
90 93
90 94
90 95
90 96
90 97
90 136
90 137
90 140
90 141
91 92
91 93
91 94
91 95
91 96
91 97
91 98
91 100
91 102
91 105
91 133
91 134
91 136
91 137
91 138
91 140
91 141
92 93
92 94
92 95
92 96
92 97
92 98
92 99
92 100
92 101
92 102
92 104
92 105
92 106
92 133
92 134
92 135
92 136
92 137
92 138
92 139
92 140
92 141
93 94
93 95
93 96
93 97
93 98
93 99
93 100
93 101
93 102
93 136
93 137
93 138
93 139
93 140
93 141
94 95
94 96
94 97
94 98
94 99
94 100
94 101
94 105
94 137
94 140
94 141
95 96
95 97
95 98
95 99
95 100
95 101
95 102
95 103
95 104
95 105
95 137
95 138
95 140
95 141
96 97
96 98
96 99
96 100
96 101
96 102
96 103
96 104
96 105
96 137
96 138
96 139
96 140
96 141
97 98
97 99
97 100
97 101
97 102
97 140
97 141
98 99
98 100
98 101
98 102
98 104
98 141
99 100
99 101
99 102
99 103
99 104
99 105
99 141
100 101
100 102
100 103
100 104
100 105
100 106
100 107
100 108
100 138
100 140
100 141
101 102
101 103
101 104
101 105
101 106
101 107
101 108
101 134
101 137
101 138
101 139
101 140
101 141
102 103
102 104
102 105
102 106
102 107
102 108
102 109
102 130
102 131
102 133
102 134
102 135
102 136
102 137
102 138
102 139
102 140
102 141
103 104
103 105
103 106
103 107
103 108
103 109
103 110
103 134
103 137
103 138
103 141
104 105
104 106
104 107
104 108
104 109
104 110
104 111
104 134
104 137
104 138
104 141
105 106
105 107
105 108
105 109
105 110
105 111
105 112
105 130
105 131
105 133
105 134
105 135
105 137
105 138
105 141
106 107
106 108
106 109
106 110
106 111
106 112
106 113
106 126
106 127
106 129
106 130
106 131
106 132
106 133
106 134
106 135
106 137
106 138
106 141
107 108
107 109
107 110
107 111
107 112
107 113
107 114
107 127
107 130
107 131
107 134
108 109
108 110
108 111
108 112
108 113
108 114
108 115
108 126
108 127
108 130
108 134
109 110
109 111
109 112
109 113
109 114
109 115
109 116
109 123
109 124
109 125
109 126
109 127
109 128
109 129
109 130
109 131
109 132
109 133
109 134
110 111
110 112
110 113
110 114
110 115
110 116
110 117
110 123
110 124
110 125
110 126
110 127
110 128
110 129
110 130
110 131
110 134
111 112
111 113
111 114
111 115
111 116
111 117
111 123
111 126
111 127
111 130
112 113
112 114
112 115
112 116
112 117
112 118
112 119
112 121
112 122
112 123
112 124
112 125
112 126
112 127
112 129
112 130
113 114
113 115
113 116
113 117
113 118
113 119
113 120
113 121
113 122
113 123
113 124
113 125
113 126
113 127
113 128
113 129
113 130
113 131
114 115
114 116
114 117
114 118
114 119
114 120
114 121
114 122
114 123
114 124
114 125
114 126
114 127
114 130
115 116
115 117
115 118
115 119
115 120
115 121
115 122
115 123
115 126
115 127
116 117
116 118
116 119
116 120
116 121
116 122
116 123
116 124
116 125
116 126
116 127
117 118
117 119
117 120
117 121
117 122
117 123
117 124
117 125
117 126
117 127
118 119
118 120
118 121
118 122
118 123
119 120
119 121
119 122
119 123
119 126
120 121
120 122
120 123
120 124
120 125
120 126
121 122
121 123
121 124
121 125
121 126
121 127
121 128
121 129
122 123
122 124
122 125
122 126
122 127
122 128
122 129
123 124
123 125
123 126
123 127
123 128
123 129
123 130
124 125
124 126
124 127
124 128
124 129
124 130
124 131
125 126
125 127
125 128
125 129
125 130
125 131
125 132
126 127
126 128
126 129
126 130
126 131
126 132
126 133
126 134
127 128
127 129
127 130
127 131
127 132
127 133
127 134
128 129
128 130
128 131
128 132
128 133
128 134
128 135
129 130
129 131
129 132
129 133
129 134
129 135
129 136
130 131
130 132
130 133
130 134
130 135
130 136
130 137
130 138
131 132
131 133
131 134
131 135
131 136
131 137
131 138
132 133
132 134
132 135
132 136
132 137
132 138
133 134
133 135
133 136
133 137
133 138
133 139
133 140
134 135
134 136
134 137
134 138
134 139
134 140
134 141
135 136
135 137
135 138
135 139
135 140
135 141
136 137
136 138
136 139
136 140
136 141
137 138
137 139
137 140
137 141
138 139
138 140
138 141
139 140
139 141
140 141