122
0 1
0 2
0 3
0 4
0 24
0 25
0 26
0 27
0 43
0 44
0 45
0 46
0 47
0 75
0 114
0 115
0 118
0 119
1 2
1 3
1 4
1 20
1 21
1 23
1 24
1 25
1 26
1 27
1 28
1 43
1 44
1 45
1 46
1 47
1 48
1 75
1 111
1 114
1 115
1 118
2 3
2 4
2 5
2 17
2 20
2 21
2 24
2 25
2 26
2 27
2 28
2 29
2 39
2 40
2 41
2 42
2 43
2 44
2 45
2 46
2 47
2 48
2 49
2 75
2 76
2 114
2 118
3 4
3 5
3 6
3 16
3 17
3 18
3 19
3 20
3 21
3 23
3 24
3 25
3 26
3 27
3 28
3 29
3 30
3 36
3 39
3 40
3 43
3 44
3 45
3 46
3 47
3 48
3 49
3 50
3 75
3 76
3 77
3 78
3 110
3 111
3 114
3 115
3 118
4 5
4 6
4 7
4 13
4 16
4 17
4 20
4 25
4 26
4 27
4 28
4 29
4 30
4 31
4 32
4 35
4 36
4 37
4 38
4 39
4 40
4 41
4 43
4 44
4 45
4 46
4 47
4 48
4 49
4 50
4 51
4 75
4 76
4 77
4 78
4 79
4 114
5 6
5 7
5 8
5 9
5 10
5 12
5 13
5 14
5 15
5 16
5 17
5 18
5 19
5 20
5 21
5 25
5 26
5 27
5 28
5 29
5 30
5 31
5 32
5 33
5 35
5 36
5 37
5 39
5 45
5 46
5 47
5 48
5 49
5 50
5 51
5 52
5 54
5 77
5 78
5 79
5 80
5 110
6 7
6 8
6 9
6 10
6 12
6 13
6 14
6 16
6 17
6 27
6 28
6 29
6 30
6 31
6 32
6 33
6 34
6 35
6 36
6 37
6 38
6 39
6 45
6 47
6 48
6 49
6 50
6 51
6 52
6 53
6 54
6 55
6 56
6 59
6 62
6 77
6 78
6 79
6 80
6 81
7 8
7 9
7 10
7 11
7 12
7 13
7 14
7 15
7 16
7 17
7 27
7 28
7 29
7 30
7 31
7 32
7 33
7 35
7 36
7 48
7 49
7 50
7 51
7 52
7 53
7 54
7 55
7 56
7 59
7 79
7 80
7 81
7 103
8 9
8 10
8 11
8 12
8 13
8 14
8 16
8 29
8 30
8 31
8 32
8 33
8 34
8 35
8 36
8 49
8 50
8 51
8 52
8 53
8 54
8 55
8 56
8 80
9 10
9 11
9 12
9 13
9 14
9 15
9 16
9 29
9 30
9 31
9 32
9 51
9 53
9 54
9 55
9 103
9 104
10 11
10 12
10 13
10 14
10 15
10 16
10 17
10 18
10 29
10 30
10 31
10 32
11 12
11 13
11 14
11 15
11 16
11 17
11 18
11 31
11 104
12 13
12 14
12 15
12 16
12 17
12 18
12 19
12 29
12 31
12 51
12 80
12 82
12 102
12 103
12 104
12 105
12 106
12 107
13 14
13 15
13 16
13 17
13 18
13 19
13 20
13 27
13 28
13 29
13 30
13 31
13 32
13 49
13 50
13 51
13 54
13 80
13 103
13 104
13 105
14 15
14 16
14 17
14 18
14 19
14 20
14 21
14 22
14 27
14 28
14 29
14 30
14 31
14 105
15 16
15 17
15 18
15 19
15 20
15 21
15 22
15 27
15 29
15 103
15 104
15 105
15 106
15 107
15 110
16 17
16 18
16 19
16 20
16 21
16 22
16 23
16 25
16 26
16 27
16 28
16 29
16 49
16 50
16 51
16 80
16 101
16 102
16 103
16 104
16 105
16 106
16 107
16 108
16 109
16 110
16 111
17 18
17 19
17 20
17 21
17 22
17 23
17 24
17 25
17 26
17 27
17 28
17 29
17 30
17 49
17 105
17 107
17 110
17 111
18 19
18 20
18 21
18 22
18 23
18 24
18 25
18 26
18 27
18 28
18 29
18 107
18 110
18 111
19 20
19 21
19 22
19 23
19 24
19 25
19 26
19 27
19 105
19 106
19 107
19 108
19 109
19 110
19 111
19 112
19 114
20 21
20 22
20 23
20 24
20 25
20 26
20 27
20 28
20 29
20 47
20 49
20 106
20 107
20 108
20 109
20 110
20 111
20 112
20 114
20 115
21 22
21 23
21 24
21 25
21 26
21 27
21 28
21 107
21 111
22 23
22 24
22 25
22 26
22 27
22 107
22 111
23 24
23 25
23 26
23 27
23 107
23 108
23 110
23 111
23 112
23 114
23 115
24 25
24 26
24 27
24 111
24 115
25 26
25 27
25 28
25 45
25 46
25 47
25 110
25 111
25 114
25 115
26 27
26 28
26 29
26 43
26 44
26 45
26 46
26 47
26 48
27 28
27 29
27 30
27 39
27 44
27 45
27 46
27 47
27 48
27 49
28 29
28 30
28 31
28 35
28 36
28 38
28 39
28 40
28 43
28 44
28 45
28 46
28 47
28 48
28 49
29 30
29 31
29 32
29 33
29 35
29 36
29 37
29 38
29 39
29 40
29 45
29 48
29 49
29 50
29 51
30 31
30 32
30 33
30 34
30 35
30 36
30 37
30 38
30 39
30 40
30 45
30 48
30 49
30 50
30 51
30 54
30 55
30 56
31 32
31 33
31 34
31 35
31 36
31 37
31 38
31 39
31 49
31 50
31 51
31 53
31 54
31 55
31 56
31 57
32 33
32 34
32 35
32 36
32 37
32 38
32 39
32 50
32 51
32 52
32 53
32 54
32 55
32 56
32 57
32 58
32 59
32 62
33 34
33 35
33 36
33 37
33 38
33 39
33 40
33 50
33 51
33 52
33 53
33 54
33 55
33 56
33 57
33 58
33 59
33 60
33 61
33 62
33 63
33 65
34 35
34 36
34 37
34 38
34 39
34 40
34 54
34 55
34 56
34 57
34 58
34 59
34 61
34 62
35 36
35 37
35 38
35 39
35 40
35 41
35 54
35 55
35 56
35 57
35 62
36 37
36 38
36 39
36 40
36 41
36 44
36 45
36 48
36 49
36 50
36 51
36 54
36 55
36 56
36 57
36 58
36 59
36 62
36 63
36 66
37 38
37 39
37 40
37 41
37 44
37 45
37 48
37 50
37 56
37 57
37 59
37 61
37 62
37 63
37 65
37 66
37 72
38 39
38 40
38 41
38 42
38 43
38 44
38 45
38 62
39 40
39 41
39 42
39 43
39 44
39 45
39 46
39 47
39 48
39 72
40 41
40 42
40 43
40 44
40 45
40 46
40 47
40 48
40 62
40 63
40 65
40 66
40 69
40 70
40 71
40 72
40 73
40 75
41 42
41 43
41 44
41 45
41 46
41 66
41 69
41 70
41 71
41 72
42 43
42 44
42 45
42 46
42 71
42 72
43 44
43 45
43 46
43 47
43 71
43 72
44 45
44 46
44 47
44 48
44 66
44 70
44 71
44 72
44 73
44 74
44 75
44 76
45 46
45 47
45 48
45 49
45 66
45 71
45 72
45 73
45 74
45 75
45 76
45 77
45 118
46 47
46 48
46 49
46 71
46 72
46 73
46 74
46 75
46 76
46 77
46 78
46 114
46 115
46 117
46 118
46 119
46 121
47 48
47 49
47 50
47 63
47 66
47 72
47 73
47 74
47 75
47 76
47 77
47 78
47 79
47 97
47 98
47 99
47 113
47 114
47 115
47 116
47 117
47 118
47 119
47 120
47 121
48 49
48 50
48 51
48 52
48 59
48 62
48 63
48 66
48 72
48 73
48 74
48 75
48 76
48 77
48 78
48 79
48 80
48 97
48 98
48 99
48 100
48 101
48 114
48 117
48 118
49 50
49 51
49 52
49 53
49 54
49 59
49 62
49 63
49 75
49 76
49 77
49 78
49 79
49 80
49 81
49 97
49 98
49 99
49 100
49 101
49 102
49 103
49 105
49 110
49 111
49 113
49 114
49 117
50 51
50 52
50 53
50 54
50 55
50 57
50 58
50 59
50 60
50 61
50 62
50 63
50 76
50 77
50 78
50 79
50 80
50 81
50 82
50 95
50 96
50 97
50 98
50 99
50 100
50 101
50 102
50 103
51 52
51 53
51 54
51 55
51 56
51 57
51 58
51 59
51 60
51 62
51 63
51 77
51 78
51 79
51 80
51 81
51 82
51 86
51 87
51 90
51 97
51 100
51 101
51 102
51 103
51 105
52 53
52 54
52 55
52 56
52 57
52 58
52 59
52 60
52 61
52 62
52 63
52 77
52 78
52 79
52 80
52 81
52 82
52 83
52 86
52 87
52 89
52 90
52 91
52 93
52 95
52 97
52 100
52 101
52 102
52 103
53 54
53 55
53 56
53 57
53 58
53 59
53 60
53 62
53 79
53 80
53 81
53 82
53 86
53 87
53 90
53 103
54 55
54 56
54 57
54 58
54 59
54 60
54 61
54 62
54 79
54 80
54 81
55 56
55 57
55 58
55 59
55 62
56 57
56 58
56 59
56 61
56 62
57 58
57 59
57 60
57 61
57 62
57 63
57 65
58 59
58 60
58 61
58 62
58 63
58 64
58 65
58 79
58 94
58 95
59 60
59 61
59 62
59 63
59 64
59 65
59 66
59 77
59 78
59 79
59 80
59 81
59 90
59 93
59 94
59 95
59 96
59 97
60 61
60 62
60 63
60 64
60 65
60 66
60 67
60 77
60 78
60 79
60 90
60 91
60 93
60 94
60 95
60 96
60 97
60 98
61 62
61 63
61 64
61 65
61 66
61 67
61 68
61 94
61 95
61 96
61 97
62 63
62 64
62 65
62 66
62 67
62 68
62 72
62 73
62 77
62 79
62 95
62 96
62 97
63 64
63 65
63 66
63 67
63 68
63 69
63 72
63 73
63 74
63 75
63 76
63 77
63 78
63 79
63 94
63 95
63 96
63 97
63 98
64 65
64 66
64 67
64 68
64 69
64 72
64 73
64 74
64 75
64 76
64 77
64 94
64 95
64 96
64 97
64 98
65 66
65 67
65 68
65 69
65 70
65 71
65 72
65 73
65 74
65 75
65 95
65 96
66 67
66 68
66 69
66 70
66 71
66 72
66 73
66 74
66 75
66 76
66 77
66 95
66 96
66 97
67 68
67 69
67 70
67 71
67 72
67 73
67 74
67 75
67 76
67 77
67 95
67 96
67 97
68 69
68 70
68 71
68 72
68 73
68 74
68 75
69 70
69 71
69 72
69 73
69 74
69 75
70 71
70 72
70 73
70 74
70 75
71 72
71 73
71 74
71 75
71 76
72 73
72 74
72 75
72 76
72 77
73 74
73 75
73 76
73 77
73 96
73 97
73 98
73 121
74 75
74 76
74 77
74 96
74 97
74 98
74 117
74 118
74 120
74 121
75 76
75 77
75 78
75 96
75 97
75 98
75 114
75 117
75 118
75 120
75 121
76 77
76 78
76 79
76 96
76 97
76 98
76 99
76 100
76 113
76 114
76 115
76 116
76 117
76 118
76 119
76 120
76 121
77 78
77 79
77 80
77 95
77 96
77 97
77 98
77 99
77 100
77 101
77 113
77 114
77 117
77 118
77 120
77 121
78 79
78 80
78 81
78 90
78 91
78 95
78 96
78 97
78 98
78 99
78 100
78 101
78 102
78 109
78 110
78 111
78 113
78 114
78 115
78 116
78 117
78 118
78 121
79 80
79 81
79 82
79 83
79 86
79 87
79 90
79 91
79 93
79 94
79 95
79 96
79 97
79 98
79 99
79 100
79 101
79 102
79 103
79 110
79 113
79 114
79 117
80 81
80 82
80 83
80 86
80 87
80 90
80 91
80 95
80 97
80 98
80 99
80 100
80 101
80 102
80 103
80 104
80 105
80 106
80 109
80 110
80 113
81 82
81 83
81 84
81 85
81 86
81 87
81 88
81 89
81 90
81 91
81 97
81 99
81 100
81 101
81 102
81 103
81 104
81 105
82 83
82 84
82 85
82 86
82 87
82 88
82 89
82 90
82 91
82 100
82 101
82 102
82 103
82 104
82 105
83 84
83 85
83 86
83 87
83 88
83 89
83 90
83 91
83 100
83 101
83 102
83 103
83 104
83 105
83 106
84 85
84 86
84 87
84 88
84 89
84 90
84 91
84 101
84 102
84 103
84 104
85 86
85 87
85 88
85 89
85 90
85 91
85 92
85 102
85 103
86 87
86 88
86 89
86 90
86 91
86 92
86 93
86 100
86 101
86 102
86 103
87 88
87 89
87 90
87 91
87 92
87 93
87 99
87 100
87 101
87 102
87 103
88 89
88 90
88 91
88 92
88 93
88 100
88 101
88 102
89 90
89 91
89 92
89 93
89 94
89 95
89 100
90 91
90 92
90 93
90 94
90 95
90 96
90 97
90 99
90 100
90 101
90 102
91 92
91 93
91 94
91 95
91 96
91 97
91 98
91 99
91 100
91 101
91 102
92 93
92 94
92 95
92 96
92 97
92 100
93 94
93 95
93 96
93 97
94 95
94 96
94 97
94 98
95 96
95 97
95 98
95 99
95 100
96 97
96 98
96 99
96 100
97 98
97 99
97 100
97 101
97 117
97 121
98 99
98 100
98 101
98 113
98 114
98 116
98 117
98 118
98 120
98 121
99 100
99 101
99 102
99 109
99 110
99 112
99 113
99 114
99 115
99 116
99 117
99 118
99 120
99 121
100 101
100 102
100 103
100 105
100 109
100 110
100 112
100 113
100 114
100 116
100 117
101 102
101 103
101 104
101 105
101 106
101 107
101 108
101 109
101 110
101 111
101 112
101 113
101 114
101 117
102 103
102 104
102 105
102 106
102 107
102 108
102 109
102 110
102 113
103 104
103 105
103 106
103 107
103 109
103 110
104 105
104 106
104 107
104 109
104 110
105 106
105 107
105 108
105 109
105 110
105 111
105 112
105 113
106 107
106 108
106 109
106 110
106 111
106 112
106 113
107 108
107 109
107 110
107 111
107 112
107 113
107 114
108 109
108 110
108 111
108 112
108 113
108 114
108 115
109 110
109 111
109 112
109 113
109 114
109 115
109 116
109 117
110 111
110 112
110 113
110 114
110 115
110 116
110 117
111 112
111 113
111 114
111 115
111 116
111 117
111 118
112 113
112 114
112 115
112 116
112 117
112 118
112 119
113 114
113 115
113 116
113 117
113 118
113 119
113 120
113 121
114 115
114 116
114 117
114 118
114 119
114 120
114 121
115 116
115 117
115 118
115 119
115 120
115 121
116 117
116 118
116 119
116 120
116 121
117 118
117 119
117 120
117 121
118 119
118 120
118 121
119 120
119 121
120 121