156
0 1
0 2
0 3
0 28
0 29
0 30
0 31
0 32
0 33
0 34
0 64
0 66
1 2
1 3
1 4
1 31
1 32
1 33
1 34
1 35
1 64
1 65
1 66
1 82
2 3
2 4
2 5
2 23
2 25
2 28
2 29
2 30
2 31
2 32
2 33
2 34
2 35
2 36
2 63
2 64
2 65
2 66
2 67
2 68
2 80
2 81
2 82
2 83
3 4
3 5
3 6
3 22
3 23
3 25
3 27
3 28
3 29
3 31
3 32
3 33
3 34
3 35
3 36
3 37
3 64
3 65
3 66
3 67
3 68
3 79
3 80
3 81
3 82
3 83
3 84
3 121
3 124
3 125
4 5
4 6
4 7
4 22
4 23
4 28
4 32
4 33
4 34
4 35
4 36
4 37
4 38
4 65
4 66
4 67
4 68
4 69
4 77
4 78
4 79
4 80
4 81
4 82
4 83
4 84
4 85
4 120
4 121
4 124
4 125
5 6
5 7
5 8
5 10
5 19
5 22
5 23
5 27
5 28
5 32
5 33
5 34
5 35
5 36
5 37
5 38
5 39
5 65
5 66
5 67
5 68
5 69
5 77
5 78
5 79
5 80
5 81
5 82
5 83
5 84
5 85
5 86
5 120
5 121
5 124
5 125
5 126
5 127
6 7
6 8
6 9
6 10
6 15
6 19
6 22
6 34
6 35
6 36
6 37
6 38
6 39
6 40
6 67
6 68
6 69
6 70
6 71
6 73
6 74
6 75
6 76
6 77
6 78
6 79
6 80
6 81
6 82
6 83
6 84
6 85
6 86
6 87
6 88
6 112
6 115
6 116
6 119
6 120
6 121
6 124
6 125
6 126
6 127
6 128
7 8
7 9
7 10
7 11
7 12
7 14
7 15
7 16
7 18
7 19
7 22
7 35
7 36
7 37
7 38
7 39
7 40
7 50
7 68
7 69
7 70
7 71
7 72
7 73
7 74
7 76
7 77
7 78
7 79
7 81
7 82
7 83
7 84
7 85
7 86
7 87
7 88
7 89
7 112
7 126
7 127
7 128
7 129
7 130
8 9
8 10
8 11
8 12
8 13
8 14
8 15
8 16
8 18
8 19
8 36
8 37
8 38
8 39
8 40
8 41
8 46
8 50
8 70
8 71
8 72
8 73
8 74
8 76
8 77
8 78
8 83
8 84
8 85
8 86
8 87
8 88
8 89
8 90
8 108
8 109
8 112
8 126
8 127
8 128
8 129
8 130
9 10
9 11
9 12
9 13
9 14
9 15
9 16
9 18
9 19
9 37
9 38
9 39
9 40
9 41
9 42
9 46
9 47
9 49
9 50
9 53
9 70
9 71
9 72
9 73
9 74
9 77
9 84
9 85
9 86
9 87
9 88
9 89
9 90
9 91
9 108
9 128
9 129
9 130
10 11
10 12
10 13
10 14
10 15
10 16
10 17
10 18
10 19
10 20
10 36
10 37
10 38
10 39
10 40
10 41
10 46
10 47
10 48
10 49
10 50
10 51
10 52
10 53
10 54
10 57
10 68
10 69
10 70
10 71
10 72
10 77
10 84
10 85
10 86
10 87
10 88
10 89
10 130
11 12
11 13
11 14
11 15
11 16
11 17
11 18
11 19
11 38
11 39
11 40
11 41
11 42
11 43
11 44
11 45
11 46
11 47
11 48
11 49
11 50
11 51
11 52
11 53
11 54
11 55
11 56
11 57
11 70
11 71
11 72
11 87
11 88
12 13
12 14
12 15
12 16
12 17
12 18
12 19
12 38
12 39
12 40
12 41
12 45
12 46
12 47
12 49
12 50
12 52
12 53
12 86
12 87
12 88
12 89
12 90
12 91
12 130
13 14
13 15
13 16
13 17
13 18
13 19
13 49
13 50
13 53
13 87
13 88
13 130
14 15
14 16
14 17
14 18
14 19
14 20
14 21
14 85
14 86
14 87
14 88
14 89
14 129
14 130
15 16
15 17
15 18
15 19
15 20
15 21
15 22
15 23
15 36
15 38
15 39
15 40
15 50
15 53
15 54
15 57
15 85
15 86
15 87
15 88
15 129
15 130
16 17
16 18
16 19
16 20
16 21
16 22
16 23
16 38
16 49
16 50
16 52
16 53
16 54
16 56
16 57
16 87
17 18
17 19
17 20
17 21
17 22
17 23
17 24
17 53
17 57
17 87
18 19
18 20
18 21
18 22
18 23
18 24
18 25
18 26
18 27
18 36
18 38
18 53
18 57
18 85
18 86
18 87
18 129
19 20
19 21
19 22
19 23
19 24
19 25
19 26
19 27
19 34
19 35
19 36
19 37
19 38
19 50
19 53
19 54
19 56
19 57
19 58
19 60
19 62
19 65
19 68
19 85
19 87
20 21
20 22
20 23
20 24
20 25
20 26
20 27
20 34
20 36
20 53
20 54
20 55
20 56
20 57
20 58
20 59
20 60
20 61
20 62
20 63
20 64
20 65
21 22
21 23
21 24
21 25
21 26
21 27
21 28
21 29
21 30
21 34
21 36
21 57
21 60
21 62
21 64
21 65
22 23
22 24
22 25
22 26
22 27
22 28
22 29
22 30
22 32
22 33
22 34
22 35
22 36
22 57
22 62
22 63
22 64
22 65
22 83
22 85
23 24
23 25
23 26
23 27
23 28
23 29
23 30
23 31
23 32
23 33
23 34
23 35
23 36
23 37
23 54
23 56
23 57
23 58
23 59
23 60
23 61
23 62
23 63
23 64
23 65
23 66
23 67
23 68
24 25
24 26
24 27
24 28
24 29
24 30
24 31
24 32
24 33
24 34
24 35
24 57
24 58
24 60
24 61
24 62
24 63
24 64
24 65
24 66
25 26
25 27
25 28
25 29
25 30
25 31
25 32
25 33
25 34
25 35
25 62
25 63
25 64
25 65
25 66
26 27
26 28
26 29
26 30
26 31
26 32
26 33
26 34
26 62
26 64
27 28
27 29
27 30
27 31
27 32
27 33
27 34
27 64
27 83
27 85
28 29
28 30
28 31
28 32
28 33
28 34
28 35
28 64
28 82
28 83
29 30
29 31
29 32
29 33
29 34
29 64
30 31
30 32
30 33
30 34
30 62
30 63
30 64
30 65
31 32
31 33
31 34
31 63
31 64
31 65
31 66
32 33
32 34
32 35
32 62
32 63
32 64
32 65
32 66
33 34
33 35
33 36
33 62
33 63
33 64
33 65
33 66
33 67
33 68
34 35
34 36
34 37
34 62
34 63
34 64
34 65
34 66
34 67
34 68
34 69
34 81
34 82
34 83
35 36
35 37
35 38
35 62
35 63
35 64
35 65
35 66
35 67
35 68
35 69
35 70
35 77
35 78
35 79
35 80
35 81
35 82
35 83
35 84
36 37
36 38
36 39
36 54
36 57
36 58
36 64
36 65
36 66
36 67
36 68
36 69
36 70
36 71
36 77
36 78
36 79
36 80
36 81
36 82
36 83
36 84
36 85
37 38
37 39
37 40
37 50
37 54
37 65
37 66
37 67
37 68
37 69
37 70
37 71
37 72
37 73
37 74
37 75
37 76
37 77
37 78
37 79
37 80
37 81
37 82
37 83
37 84
37 85
37 86
37 120
38 39
38 40
38 41
38 46
38 47
38 49
38 50
38 51
38 53
38 54
38 67
38 68
38 69
38 70
38 71
38 72
38 73
38 74
38 75
38 76
38 77
38 78
38 79
38 81
38 84
38 85
38 86
38 87
38 88
39 40
39 41
39 42
39 43
39 46
39 47
39 49
39 50
39 51
39 53
39 54
39 68
39 69
39 70
39 71
39 72
39 73
39 74
39 75
39 76
39 77
39 78
39 79
39 84
39 85
39 86
39 87
39 88
39 89
39 112
40 41
40 42
40 43
40 44
40 45
40 46
40 47
40 48
40 49
40 50
40 51
40 53
40 69
40 70
40 71
40 72
40 73
40 74
40 76
40 77
40 86
40 87
40 88
40 89
41 42
41 43
41 44
41 45
41 46
41 47
41 48
41 49
41 50
41 70
41 71
41 72
41 73
41 74
41 77
41 88
41 89
41 90
41 108
42 43
42 44
42 45
42 46
42 47
42 48
42 49
42 50
42 70
42 71
42 72
42 73
42 74
43 44
43 45
43 46
43 47
43 48
43 49
43 50
43 71
43 72
43 73
44 45
44 46
44 47
44 48
44 49
44 50
44 51
44 72
45 46
45 47
45 48
45 49
45 50
45 51
45 52
46 47
46 48
46 49
46 50
46 51
46 52
46 53
46 70
46 71
46 72
47 48
47 49
47 50
47 51
47 52
47 53
47 54
47 69
47 70
47 71
47 72
47 73
48 49
48 50
48 51
48 52
48 53
48 54
48 55
48 70
48 71
48 72
49 50
49 51
49 52
49 53
49 54
49 55
49 56
49 70
50 51
50 52
50 53
50 54
50 55
50 56
50 57
50 68
50 69
50 70
50 71
50 72
51 52
51 53
51 54
51 55
51 56
51 57
51 58
51 68
51 69
51 70
51 71
51 72
52 53
52 54
52 55
52 56
52 57
52 58
52 59
52 70
53 54
53 55
53 56
53 57
53 58
53 59
53 60
53 68
53 69
53 70
54 55
54 56
54 57
54 58
54 59
54 60
54 61
54 65
54 67
54 68
54 69
54 70
54 71
55 56
55 57
55 58
55 59
55 60
55 61
55 68
55 69
55 70
56 57
56 58
56 59
56 60
56 61
56 62
57 58
57 59
57 60
57 61
57 62
57 63
57 64
57 65
57 66
57 67
57 68
57 69
58 59
58 60
58 61
58 62
58 63
58 64
58 65
58 66
58 67
58 68
58 69
59 60
59 61
59 62
59 63
59 65
60 61
60 62
60 63
60 64
60 65
61 62
61 63
61 64
61 65
61 66
61 67
62 63
62 64
62 65
62 66
62 67
62 68
63 64
63 65
63 66
63 67
64 65
64 66
64 67
64 68
65 66
65 67
65 68
65 69
66 67
66 68
66 69
67 68
67 69
67 70
68 69
68 70
68 71
68 77
69 70
69 71
69 72
69 73
69 76
69 77
69 78
69 79
70 71
70 72
70 73
70 74
70 76
70 77
70 78
71 72
71 73
71 74
71 75
71 76
71 77
71 78
71 79
72 73
72 74
72 75
72 76
72 77
72 78
73 74
73 75
73 76
73 77
73 78
73 79
73 108
73 111
73 112
73 115
73 116
73 119
74 75
74 76
74 77
74 78
74 79
74 80
74 81
74 84
74 86
74 88
74 108
74 109
74 110
74 111
74 112
74 113
74 114
74 115
74 116
74 117
74 118
74 119
74 120
75 76
75 77
75 78
75 79
75 80
75 81
75 111
75 112
75 113
75 114
75 115
75 116
75 117
75 118
75 119
75 120
76 77
76 78
76 79
76 80
76 81
76 112
76 115
76 116
76 118
76 119
76 120
77 78
77 79
77 80
77 81
77 82
77 83
77 84
77 85
77 86
77 112
77 115
77 116
77 118
77 119
77 120
78 79
78 80
78 81
78 82
78 83
78 84
78 85
78 86
78 111
78 112
78 113
78 114
78 115
78 116
78 117
78 118
78 119
78 120
78 121
78 122
78 124
78 125
78 126
79 80
79 81
79 82
79 83
79 84
79 112
79 115
79 116
79 117
79 118
79 119
79 120
79 121
79 122
79 124
80 81
80 82
80 83
80 84
80 115
80 116
80 117
80 118
80 119
80 120
80 121
80 122
80 123
80 124
80 125
81 82
81 83
81 84
81 85
81 115
81 116
81 117
81 118
81 119
81 120
81 121
81 122
81 123
81 124
81 125
81 126
82 83
82 84
82 85
82 116
82 119
82 120
82 121
82 122
82 123
82 124
82 125
82 126
82 127
82 151
83 84
83 85
83 86
83 116
83 120
83 121
83 122
83 123
83 124
83 125
83 126
83 127
83 128
83 151
83 152
83 153
84 85
84 86
84 87
84 88
84 112
84 113
84 115
84 116
84 117
84 119
84 120
84 121
84 123
84 124
84 125
84 126
84 127
84 128
84 129
84 137
84 140
84 151
84 152
84 153
84 154
85 86
85 87
85 88
85 89
85 112
85 113
85 116
85 124
85 125
85 126
85 127
85 128
85 129
85 130
85 133
85 137
85 140
85 152
85 153
85 154
85 155
86 87
86 88
86 89
86 90
86 105
86 108
86 109
86 112
86 113
86 116
86 125
86 126
86 127
86 128
86 129
86 130
86 131
86 132
86 133
86 134
86 136
86 137
86 140
86 152
86 153
86 154
86 155
87 88
87 89
87 90
87 91
87 105
87 108
87 109
87 112
87 126
87 127
87 128
87 129
87 130
87 131
87 132
87 133
87 136
87 137
87 154
87 155
88 89
88 90
88 91
88 104
88 105
88 108
88 109
88 112
88 127
88 128
88 129
88 130
88 131
88 132
88 133
88 136
89 90
89 91
89 92
89 93
89 101
89 102
89 103
89 104
89 105
89 106
89 107
89 108
89 109
89 110
89 112
89 128
89 129
89 130
89 131
89 132
89 133
89 135
89 136
89 137
90 91
90 92
90 93
90 96
90 100
90 101
90 102
90 103
90 104
90 105
90 106
90 107
90 108
90 109
90 129
90 130
90 131
90 132
90 133
90 136
91 92
91 93
91 94
91 95
91 96
91 97
91 98
91 100
91 101
91 102
91 103
91 104
91 105
91 108
91 130
91 131
91 132
91 133
92 93
92 94
92 95
92 96
92 97
92 98
92 99
92 100
92 101
92 102
92 103
92 104
92 105
92 130
92 131
92 132
93 94
93 95
93 96
93 97
93 98
93 100
93 101
93 104
94 95
94 96
94 97
94 98
94 100
94 101
95 96
95 97
95 98
95 99
95 100
95 101
96 97
96 98
96 99
96 100
96 101
96 102
96 103
96 104
97 98
97 99
97 100
97 101
97 102
97 103
97 104
98 99
98 100
98 101
98 102
98 103
98 104
98 105
98 132
99 100
99 101
99 102
99 103
99 104
99 105
99 106
100 101
100 102
100 103
100 104
100 105
100 106
100 107
101 102
101 103
101 104
101 105
101 106
101 107
101 108
101 131
101 132
101 135
101 136
102 103
102 104
102 105
102 106
102 107
102 108
102 109
102 110
102 131
102 132
102 133
102 134
102 135
102 136
102 139
103 104
103 105
103 106
103 107
103 108
103 109
103 110
103 132
103 135
103 136
103 139
104 105
104 106
104 107
104 108
104 109
104 110
104 111
104 131
104 132
104 136
104 139
105 106
105 107
105 108
105 109
105 110
105 111
105 112
105 113
105 128
105 130
105 131
105 132
105 133
105 134
105 135
105 136
105 137
105 138
105 139
105 140
106 107
106 108
106 109
106 110
106 111
106 112
106 113
106 114
106 130
106 131
106 132
106 133
106 134
106 135
106 136
106 137
106 138
106 139
106 140
106 141
106 142
106 143
107 108
107 109
107 110
107 111
107 112
107 113
107 114
107 136
107 139
107 140
107 143
108 109
108 110
108 111
108 112
108 113
108 114
108 115
108 130
108 131
108 132
108 136
108 137
108 139
108 140
108 143
109 110
109 111
109 112
109 113
109 114
109 115
109 116
109 117
109 128
109 129
109 130
109 131
109 132
109 133
109 134
109 135
109 136
109 137
109 138
109 139
109 140
109 141
109 142
109 143
109 144
110 111
110 112
110 113
110 114
110 115
110 116
110 117
110 135
110 136
110 137
110 138
110 139
110 140
110 141
110 142
110 143
110 144
110 145
111 112
111 113
111 114
111 115
111 116
111 117
111 118
111 136
111 139
111 140
111 141
111 142
111 143
111 144
112 113
112 114
112 115
112 116
112 117
112 118
112 119
112 120
112 126
112 128
112 136
112 137
112 139
112 140
112 141
112 142
112 143
112 144
113 114
113 115
113 116
113 117
113 118
113 119
113 120
113 124
113 126
113 127
113 128
113 136
113 137
113 138
113 139
113 140
113 141
113 142
113 143
113 144
113 145
113 146
113 147
113 149
113 151
113 152
114 115
114 116
114 117
114 118
114 119
114 120
114 139
114 140
114 141
114 142
114 143
114 144
114 145
114 146
114 147
115 116
115 117
115 118
115 119
115 120
115 121
115 140
115 141
115 143
115 144
115 145
115 146
115 147
116 117
116 118
116 119
116 120
116 121
116 122
116 123
116 124
116 125
116 126
116 140
116 141
116 142
116 143
116 144
116 145
116 146
116 147
116 148
116 151
116 152
117 118
117 119
117 120
117 121
117 122
117 123
117 124
117 125
117 126
117 140
117 141
117 142
117 143
117 144
117 145
117 146
117 147
117 148
117 149
117 151
117 152
118 119
118 120
118 121
118 122
118 124
118 143
118 144
118 145
118 146
118 147
119 120
119 121
119 122
119 123
119 124
119 144
119 146
119 147
120 121
120 122
120 123
120 124
120 125
120 126
120 144
120 146
120 147
121 122
121 123
121 124
121 125
121 126
121 146
121 147
121 148
121 151
122 123
122 124
122 125
122 126
122 144
122 145
122 146
122 147
122 148
122 149
122 151
123 124
123 125
123 126
123 144
123 146
123 147
123 148
123 149
123 150
123 151
123 152
124 125
124 126
124 127
124 141
124 144
124 146
124 147
124 148
124 149
124 150
124 151
124 152
124 153
125 126
125 127
125 128
125 137
125 141
125 147
125 148
125 149
125 150
125 151
125 152
125 153
125 154
126 127
126 128
126 129
126 133
126 136
126 137
126 138
126 140
126 141
126 144
126 147
126 148
126 149
126 150
126 151
126 152
126 153
126 154
126 155
127 128
127 129
127 130
127 131
127 133
127 134
127 136
127 137
127 138
127 140
127 141
127 150
127 151
127 152
127 153
127 154
127 155
128 129
128 130
128 131
128 132
128 133
128 134
128 135
128 136
128 137
128 138
128 139
128 140
128 141
128 151
128 152
128 153
128 154
128 155
129 130
129 131
129 132
129 133
129 134
129 135
129 136
129 137
129 152
129 153
129 154
129 155
130 131
130 132
130 133
130 134
130 135
130 136
130 137
130 140
130 153
130 154
130 155
131 132
131 133
131 134
131 135
131 136
131 137
131 138
131 154
131 155
132 133
132 134
132 135
132 136
132 137
132 138
132 139
132 154
132 155
133 134
133 135
133 136
133 137
133 138
133 139
133 140
133 152
133 153
133 154
133 155
134 135
134 136
134 137
134 138
134 139
134 140
134 141
134 152
134 153
134 154
134 155
135 136
135 137
135 138
135 139
135 140
135 141
135 142
135 152
135 153
135 154
135 155
136 137
136 138
136 139
136 140
136 141
136 142
136 143
136 152
136 153
136 154
136 155
137 138
137 139
137 140
137 141
137 142
137 143
137 144
137 149
137 150
137 151
137 152
137 153
137 154
137 155
138 139
138 140
138 141
138 142
138 143
138 144
138 145
138 149
138 150
138 151
138 152
138 153
138 154
139 140
139 141
139 142
139 143
139 144
139 145
139 149
139 152
139 153
139 154
140 141
140 142
140 143
140 144
140 145
140 146
140 147
140 148
140 149
140 150
140 151
140 152
140 153
140 154
141 142
141 143
141 144
141 145
141 146
141 147
141 148
141 149
141 150
141 151
141 152
141 153
141 154
142 143
142 144
142 145
142 146
142 147
142 148
142 149
142 150
142 151
142 152
143 144
143 145
143 146
143 147
143 148
143 149
143 152
144 145
144 146
144 147
144 148
144 149
144 150
144 151
144 152
145 146
145 147
145 148
145 149
145 150
145 151
145 152
146 147
146 148
146 149
146 151
147 148
147 149
147 150
147 151
147 152
148 149
148 150
148 151
148 152
148 153
149 150
149 151
149 152
149 153
150 151
150 152
150 153
150 154
151 152
151 153
151 154
152 153
152 154
152 155
153 154
153 155
154 155