72
0 1
0 2
0 3
0 29
0 30
0 31
0 45
0 46
0 47
0 48
0 49
0 50
0 51
0 52
1 2
1 3
1 4
1 29
1 30
1 31
1 32
1 44
1 45
1 46
1 47
1 48
1 49
1 50
1 51
1 52
2 3
2 4
2 5
2 29
2 30
2 31
2 32
2 33
2 43
2 44
2 45
2 46
2 47
2 48
2 49
2 50
2 51
2 52
2 53
2 71
3 4
3 5
3 6
3 29
3 30
3 31
3 32
3 33
3 34
3 42
3 43
3 44
3 45
3 46
3 47
3 48
3 51
3 52
3 53
3 56
3 69
3 70
3 71
4 5
4 6
4 7
4 30
4 32
4 33
4 34
4 35
4 41
4 42
4 43
4 44
4 45
4 46
4 47
4 48
4 51
4 52
4 53
4 54
4 55
4 56
4 57
4 68
4 69
4 70
4 71
5 6
5 7
5 8
5 33
5 34
5 35
5 36
5 39
5 40
5 41
5 42
5 43
5 44
5 45
5 46
5 52
5 53
5 54
5 56
5 57
5 67
5 68
5 69
5 70
5 71
6 7
6 8
6 9
6 33
6 34
6 35
6 36
6 39
6 40
6 41
6 42
6 43
6 44
6 45
6 52
6 53
6 54
6 55
6 56
6 57
6 58
6 59
6 60
6 61
6 65
6 66
6 67
6 68
6 69
6 70
6 71
7 8
7 9
7 10
7 11
7 35
7 36
7 37
7 38
7 39
7 40
7 41
7 42
7 43
7 44
7 53
7 56
7 57
7 60
7 61
7 65
7 66
7 67
7 68
7 69
7 70
7 71
8 9
8 10
8 11
8 12
8 16
8 17
8 20
8 21
8 35
8 36
8 37
8 38
8 39
8 40
8 41
8 42
8 43
8 44
8 56
8 57
8 58
8 59
8 60
8 61
8 63
8 64
8 65
8 66
8 67
8 68
8 69
8 70
9 10
9 11
9 12
9 13
9 16
9 17
9 20
9 35
9 36
9 37
9 38
9 39
9 40
9 41
9 42
9 57
9 60
9 61
9 64
9 65
9 66
9 67
9 68
9 69
9 70
10 11
10 12
10 13
10 14
10 15
10 16
10 17
10 20
10 37
10 40
10 41
10 60
10 61
10 63
10 64
10 65
10 66
10 67
10 68
11 12
11 13
11 14
11 15
11 16
11 17
11 18
11 19
11 20
11 21
11 35
11 36
11 37
11 38
11 39
11 40
11 41
11 42
11 60
11 61
11 63
11 64
11 65
11 66
11 67
12 13
12 14
12 15
12 16
12 17
12 18
12 19
12 20
12 37
12 38
12 40
12 64
12 65
12 66
13 14
13 15
13 16
13 17
13 18
13 19
13 20
13 35
13 36
13 37
13 38
13 40
14 15
14 16
14 17
14 18
14 19
14 20
14 21
14 22
14 35
14 36
14 37
14 38
14 40
15 16
15 17
15 18
15 19
15 20
15 21
15 22
15 35
15 37
16 17
16 18
16 19
16 20
16 21
16 22
16 23
16 24
16 35
16 36
16 37
16 40
16 41
16 42
16 60
16 63
16 64
16 65
17 18
17 19
17 20
17 21
17 22
17 23
17 24
17 25
17 33
17 34
17 35
17 36
17 37
17 38
17 39
17 40
17 41
17 42
17 43
17 60
17 63
17 64
17 65
18 19
18 20
18 21
18 22
18 23
18 24
18 25
18 33
18 34
18 35
18 36
18 37
18 42
19 20
19 21
19 22
19 23
19 24
19 25
19 26
19 33
19 34
19 35
19 42
19 60
19 63
19 64
19 65
20 21
20 22
20 23
20 24
20 25
20 26
20 27
20 33
20 34
20 35
20 36
20 37
20 40
20 41
20 42
20 43
20 44
20 56
20 57
20 59
20 60
20 61
20 62
20 63
20 64
20 65
20 67
21 22
21 23
21 24
21 25
21 26
21 27
21 30
21 31
21 32
21 33
21 34
21 35
21 36
21 37
21 41
21 42
21 43
21 44
21 45
21 56
21 59
21 60
21 63
22 23
22 24
22 25
22 26
22 27
22 30
22 31
22 32
22 33
22 34
22 35
22 42
22 44
22 60
22 63
23 24
23 25
23 26
23 27
23 28
23 30
23 31
23 32
23 33
23 35
23 56
23 59
23 60
23 62
23 63
24 25
24 26
24 27
24 28
24 29
24 30
24 31
24 32
24 33
24 34
24 35
24 42
24 43
24 44
24 45
24 46
24 51
24 53
24 55
24 56
24 57
24 58
24 59
24 60
24 61
24 62
24 63
25 26
25 27
25 28
25 29
25 30
25 31
25 32
25 33
25 34
25 35
25 42
25 43
25 44
25 45
25 46
25 47
25 51
25 56
25 59
25 60
26 27
26 28
26 29
26 30
26 31
26 32
26 33
26 44
26 45
26 46
26 51
26 56
26 59
27 28
27 29
27 30
27 31
27 32
27 33
27 44
27 45
27 46
27 47
27 50
27 51
27 52
27 55
27 56
27 57
27 58
27 59
27 60
28 29
28 30
28 31
28 32
28 45
28 46
28 47
28 48
28 49
28 50
28 51
28 52
28 55
28 56
28 59
29 30
29 31
29 32
29 33
29 44
29 45
29 46
29 47
29 48
29 49
29 50
29 51
29 52
29 53
29 55
29 56
30 31
30 32
30 33
30 34
30 42
30 43
30 44
30 45
30 46
30 47
30 48
30 49
30 50
30 51
30 52
30 53
30 55
30 56
30 59
31 32
31 33
31 34
31 43
31 44
31 45
31 46
31 47
31 48
31 50
31 51
32 33
32 34
32 35
32 42
32 43
32 44
32 45
32 46
32 47
33 34
33 35
33 36
33 41
33 42
33 43
33 44
33 45
33 46
33 56
34 35
34 36
34 37
34 38
34 39
34 40
34 41
34 42
34 43
34 44
34 45
34 46
35 36
35 37
35 38
35 39
35 40
35 41
35 42
35 43
35 44
35 45
35 60
36 37
36 38
36 39
36 40
36 41
36 42
36 43
36 44
37 38
37 39
37 40
37 41
37 42
37 43
38 39
38 40
38 41
38 42
39 40
39 41
39 42
39 43
39 70
40 41
40 42
40 43
40 65
40 66
40 67
40 68
40 70
41 42
41 43
41 44
41 57
41 60
41 65
41 66
41 67
41 68
41 69
41 70
41 71
42 43
42 44
42 45
42 46
42 53
42 56
42 57
42 59
42 60
42 65
42 66
42 67
42 68
42 69
42 70
42 71
43 44
43 45
43 46
43 53
43 56
43 57
43 67
43 69
43 70
43 71
44 45
44 46
44 47
44 48
44 51
44 52
44 53
44 54
44 55
44 56
44 57
44 60
44 69
44 70
44 71
45 46
45 47
45 48
45 50
45 51
45 52
45 53
45 56
46 47
46 48
46 49
46 50
46 51
46 52
46 53
46 54
46 55
46 56
47 48
47 49
47 50
47 51
47 52
47 53
47 55
47 56
48 49
48 50
48 51
48 52
48 53
48 54
48 55
48 56
49 50
49 51
49 52
49 53
49 55
50 51
50 52
50 53
50 55
50 56
51 52
51 53
51 54
51 55
51 56
51 57
51 58
51 59
52 53
52 54
52 55
52 56
52 57
52 58
52 59
52 69
53 54
53 55
53 56
53 57
53 58
53 59
53 60
53 67
53 68
53 69
53 70
53 71
54 55
54 56
54 57
54 58
54 59
54 60
54 61
54 67
54 68
54 69
54 70
54 71
55 56
55 57
55 58
55 59
55 60
55 61
55 62
55 67
55 68
55 69
56 57
56 58
56 59
56 60
56 61
56 62
56 63
56 65
56 67
56 68
56 69
57 58
57 59
57 60
57 61
57 62
57 63
57 64
57 65
57 66
57 67
57 68
57 69
57 70
57 71
58 59
58 60
58 61
58 62
58 63
58 64
58 65
58 66
58 67
58 68
58 69
59 60
59 61
59 62
59 63
59 64
59 65
59 66
59 67
59 68
60 61
60 62
60 63
60 64
60 65
60 66
60 67
60 68
60 69
61 62
61 63
61 64
61 65
61 66
61 67
61 68
61 69
62 63
62 64
62 65
62 66
62 67
63 64
63 65
63 66
63 67
64 65
64 66
64 67
65 66
65 67
65 68
66 67
66 68
66 69
67 68
67 69
67 70
68 69
68 70
68 71
69 70
69 71
70 71