302
0 1
0 2
0 3
0 4
0 13
0 113
0 114
0 115
0 116
0 117
0 118
0 154
0 155
0 156
0 157
0 158
0 187
1 2
1 3
1 4
1 5
1 11
1 12
1 13
1 14
1 114
1 115
1 116
1 117
1 118
1 119
1 120
1 121
1 151
1 154
1 155
1 156
1 157
1 158
1 159
1 187
1 188
1 189
2 3
2 4
2 5
2 10
2 11
2 12
2 13
2 14
2 15
2 16
2 18
2 79
2 114
2 115
2 116
2 117
2 118
2 119
2 120
2 121
2 155
2 156
2 157
2 158
2 159
2 189
2 297
2 298
2 299
3 4
3 5
3 6
3 9
3 10
3 11
3 12
3 13
3 14
3 15
3 16
3 17
3 18
3 19
3 20
3 79
3 80
3 81
3 115
3 116
3 117
3 118
3 119
3 120
3 121
3 122
3 156
3 157
3 158
3 159
3 160
3 187
3 188
3 189
3 190
3 191
3 297
3 298
3 299
4 5
4 6
4 7
4 8
4 9
4 10
4 11
4 12
4 13
4 14
4 15
4 16
4 17
4 18
4 117
4 118
4 119
4 120
4 121
4 122
4 156
4 157
4 158
4 159
4 160
4 185
4 187
4 188
4 189
4 190
4 191
4 219
5 6
5 7
5 8
5 9
5 10
5 11
5 12
5 13
5 15
5 16
5 17
5 18
5 19
5 121
5 156
5 157
5 158
5 159
5 160
5 182
5 185
5 186
5 187
5 188
5 189
5 190
5 191
5 192
5 217
5 218
5 219
5 220
6 7
6 8
6 9
6 10
6 11
6 12
6 13
6 15
6 16
6 17
6 18
6 158
6 182
6 187
6 188
6 189
6 190
6 191
6 217
6 218
6 219
7 8
7 9
7 10
7 11
7 15
7 17
7 188
7 189
7 190
7 191
7 213
7 214
7 215
7 216
7 217
7 218
7 219
7 220
8 9
8 10
8 11
8 17
8 18
8 179
8 182
8 188
8 189
8 190
8 191
8 192
8 212
8 213
8 214
8 215
8 216
8 217
8 218
8 219
8 220
8 221
8 246
8 247
8 248
9 10
9 11
9 12
9 15
9 16
9 17
9 18
9 19
9 20
9 158
9 188
9 189
9 190
9 191
9 192
9 213
9 214
9 215
9 216
9 217
9 218
9 219
9 220
9 221
9 246
9 247
9 248
9 249
10 11
10 12
10 13
10 14
10 15
10 16
10 17
10 18
10 19
10 20
10 118
10 121
10 157
10 158
10 159
10 160
10 188
10 189
10 190
10 191
10 192
10 217
10 218
10 219
10 220
10 221
10 247
10 248
10 249
10 297
11 12
11 13
11 14
11 15
11 16
11 17
11 18
11 19
11 20
11 117
11 118
11 119
11 121
11 157
11 158
11 188
11 189
11 190
11 191
11 219
11 249
11 297
11 298
11 299
12 13
12 14
12 15
12 16
12 17
12 18
12 19
12 20
12 79
12 117
12 118
12 119
12 120
12 121
12 157
12 158
12 189
12 296
12 297
12 298
12 299
12 300
13 14
13 15
13 16
13 17
13 18
13 117
13 118
13 119
13 157
13 158
13 189
13 297
13 298
13 299
14 15
14 16
14 17
14 18
14 118
14 297
14 298
14 299
14 300
14 301
15 16
15 17
15 18
15 118
15 297
15 298
15 299
16 17
16 18
16 19
16 118
16 295
16 296
16 297
16 298
16 299
17 18
17 19
17 20
17 247
17 248
17 249
17 295
17 296
17 297
17 298
17 299
18 19
18 20
18 21
18 22
18 46
18 47
18 78
18 79
18 118
18 119
18 219
18 221
18 247
18 248
18 249
18 250
18 293
18 294
18 295
18 296
18 297
18 298
18 299
19 20
19 21
19 22
19 45
19 46
19 47
19 79
19 219
19 220
19 221
19 222
19 243
19 244
19 245
19 246
19 247
19 248
19 249
19 250
19 251
19 290
19 293
19 294
19 295
19 296
19 297
19 298
20 21
20 22
20 23
20 24
20 44
20 45
20 46
20 47
20 48
20 49
20 78
20 79
20 80
20 81
20 121
20 191
20 193
20 220
20 221
20 222
20 223
20 224
20 240
20 243
20 244
20 247
20 248
20 249
20 250
20 251
20 252
20 289
20 290
20 293
20 294
20 295
20 296
20 297
21 22
21 23
21 24
21 40
21 41
21 43
21 44
21 45
21 46
21 47
21 48
21 49
21 78
21 79
21 80
21 81
21 221
21 222
21 223
21 224
21 240
21 243
21 244
21 247
21 248
21 249
21 250
21 251
21 252
21 253
21 283
21 284
21 288
21 289
21 290
21 291
21 292
21 293
21 294
21 295
21 296
21 297
22 23
22 24
22 25
22 37
22 39
22 40
22 41
22 42
22 43
22 44
22 45
22 46
22 47
22 48
22 49
22 50
22 78
22 79
22 80
22 81
22 221
22 222
22 223
22 224
22 225
22 240
22 248
22 249
22 250
22 251
22 252
22 253
22 254
22 255
22 267
22 280
22 283
22 284
22 289
22 290
22 291
22 293
22 294
22 295
22 296
22 297
23 24
23 25
23 26
23 36
23 37
23 39
23 40
23 41
23 43
23 44
23 45
23 46
23 47
23 48
23 49
23 50
23 51
23 78
23 79
23 80
23 81
23 82
23 222
23 223
23 224
23 225
23 226
23 249
23 250
23 251
23 252
23 253
23 254
23 255
23 256
23 265
23 266
23 267
23 268
23 279
23 280
23 283
23 284
23 289
23 290
23 294
24 25
24 26
24 27
24 28
24 36
24 37
24 40
24 45
24 46
24 47
24 48
24 49
24 50
24 51
24 52
24 79
24 80
24 81
24 82
24 83
24 85
24 123
24 126
24 222
24 223
24 224
24 225
24 226
24 250
24 251
24 252
24 253
24 254
24 255
24 256
24 257
24 258
24 265
24 266
24 267
25 26
25 27
25 28
25 29
25 30
25 31
25 32
25 33
25 34
25 35
25 36
25 37
25 38
25 39
25 40
25 47
25 48
25 49
25 50
25 51
25 52
25 69
25 73
25 80
25 81
25 82
25 83
25 85
25 224
25 251
25 252
25 253
25 254
25 255
25 256
25 257
25 258
25 265
25 266
25 267
25 268
25 271
26 27
26 28
26 29
26 30
26 31
26 32
26 33
26 34
26 36
26 37
26 48
26 49
26 50
26 51
26 52
26 53
26 69
26 82
26 83
26 84
26 85
26 253
26 254
26 255
26 256
26 257
26 258
26 259
26 266
26 271
27 28
27 29
27 30
27 31
27 32
27 33
27 34
27 35
27 36
27 37
27 48
27 49
27 50
27 51
27 52
27 53
27 58
27 59
27 60
27 61
27 65
27 66
27 68
27 69
27 70
27 72
27 82
27 83
27 84
27 85
27 254
27 255
27 256
27 257
27 258
27 271
28 29
28 30
28 31
28 32
28 33
28 34
28 49
28 50
28 51
28 52
28 53
28 54
28 55
28 57
28 58
28 59
28 60
28 61
28 62
28 65
28 66
28 69
28 82
28 83
28 84
28 85
28 86
28 257
29 30
29 31
29 32
29 33
29 34
29 50
29 51
29 52
29 53
29 57
29 58
29 59
29 60
29 61
29 85
29 256
29 257
29 258
29 259
30 31
30 32
30 33
30 34
30 35
30 36
30 50
30 51
30 52
30 53
30 58
30 59
30 61
30 255
30 256
30 257
30 258
30 259
30 270
30 271
31 32
31 33
31 34
31 35
31 36
31 37
31 50
31 51
31 52
31 53
31 59
31 60
31 61
31 65
31 66
31 68
31 69
31 257
31 271
32 33
32 34
32 35
32 36
32 37
32 65
32 69
32 257
32 270
32 271
33 34
33 35
33 36
33 37
33 38
33 39
33 40
33 50
33 69
33 72
33 255
33 256
33 257
33 270
33 271
33 272
33 273
34 35
34 36
34 37
34 38
34 39
34 40
34 48
34 50
34 65
34 66
34 68
34 69
34 70
34 71
34 72
34 73
34 76
34 255
34 256
34 271
34 272
34 273
35 36
35 37
35 38
35 39
35 40
35 41
35 42
35 69
35 72
35 73
35 75
35 76
35 255
35 256
35 270
35 271
35 272
35 273
35 274
36 37
36 38
36 39
36 40
36 41
36 42
36 43
36 45
36 48
36 49
36 50
36 69
36 72
36 73
36 76
36 78
36 254
36 255
36 256
36 257
36 267
36 268
36 269
36 270
36 271
36 272
36 273
36 274
37 38
37 39
37 40
37 41
37 42
37 43
37 44
37 45
37 46
37 47
37 48
37 49
37 50
37 68
37 69
37 70
37 71
37 72
37 73
37 74
37 75
37 76
37 77
37 78
37 79
37 80
37 255
37 271
37 272
37 273
38 39
38 40
38 41
38 42
38 43
38 44
38 45
38 46
38 47
38 48
38 69
38 71
38 72
38 73
38 74
38 75
38 76
38 77
38 78
38 271
38 272
38 273
38 274
39 40
39 41
39 42
39 43
39 44
39 45
39 46
39 47
39 48
39 72
39 73
39 76
39 77
39 78
39 255
39 256
39 267
39 268
39 271
39 272
39 273
39 274
39 275
39 276
39 284
40 41
40 42
40 43
40 44
40 45
40 46
40 47
40 48
40 49
40 50
40 72
40 73
40 76
40 77
40 78
40 79
40 80
40 251
40 252
40 254
40 255
40 256
40 267
40 268
40 271
40 272
40 273
40 274
40 276
40 280
40 283
40 284
40 290
40 291
41 42
41 43
41 44
41 45
41 46
41 47
41 48
41 72
41 73
41 74
41 75
41 76
41 77
41 78
41 79
41 80
41 255
41 273
41 284
41 290
41 291
41 294
41 295
41 296
41 297
42 43
42 44
42 45
42 46
42 47
42 76
42 77
42 78
42 273
42 274
42 284
42 290
42 291
42 294
42 296
43 44
43 45
43 46
43 47
43 48
43 76
43 78
43 255
43 267
43 268
43 273
43 274
43 275
43 276
43 280
43 281
43 282
43 283
43 284
43 285
43 289
43 290
43 291
43 292
43 293
43 294
43 295
43 296
44 45
44 46
44 47
44 48
44 76
44 77
44 78
44 283
44 284
44 285
44 289
44 290
44 291
44 292
44 293
44 294
44 295
44 296
44 297
45 46
45 47
45 48
45 49
45 73
45 76
45 77
45 78
45 79
45 80
45 249
45 250
45 251
45 252
45 255
45 280
45 283
45 284
45 285
45 289
45 290
45 291
45 292
45 293
45 294
45 295
45 296
45 297
46 47
46 48
46 49
46 73
46 74
46 76
46 77
46 78
46 79
46 80
46 81
46 119
46 249
46 250
46 251
46 284
46 290
46 291
46 292
46 293
46 294
46 295
46 296
46 297
46 298
46 299
46 300
47 48
47 49
47 50
47 70
47 72
47 73
47 74
47 76
47 77
47 78
47 79
47 80
47 81
47 82
47 119
47 120
47 121
47 223
47 249
47 250
47 251
47 252
47 290
47 294
47 295
47 296
47 297
48 49
48 50
48 51
48 69
48 70
48 72
48 73
48 74
48 76
48 77
48 78
48 79
48 80
48 81
48 82
48 83
48 119
48 120
48 121
48 122
48 123
48 223
48 224
48 249
48 250
48 251
48 252
48 253
48 254
48 255
48 290
48 296
49 50
49 51
49 52
49 69
49 70
49 73
49 78
49 79
49 80
49 81
49 82
49 83
49 84
49 85
49 120
49 121
49 122
49 123
49 124
49 126
49 160
49 222
49 223
49 224
49 250
49 251
49 252
49 253
49 254
49 255
50 51
50 52
50 53
50 61
50 65
50 66
50 69
50 70
50 72
50 73
50 78
50 79
50 80
50 81
50 82
50 83
50 84
50 85
50 120
50 121
50 122
50 123
50 124
50 125
50 126
50 223
50 224
50 251
50 252
50 253
50 254
50 255
51 52
51 53
51 54
51 58
51 59
51 60
51 61
51 66
51 69
51 80
51 81
51 82
51 83
51 84
51 85
51 86
51 87
51 88
51 122
51 123
51 124
51 125
51 126
51 253
51 254
51 255
51 257
52 53
52 54
52 55
52 56
52 57
52 58
52 59
52 60
52 61
52 62
52 63
52 65
52 66
52 69
52 70
52 80
52 81
52 82
52 83
52 84
52 85
52 86
52 87
52 102
52 105
52 106
52 109
52 122
52 123
52 124
52 125
52 126
53 54
53 55
53 56
53 57
53 58
53 59
53 60
53 61
53 62
53 63
53 65
53 66
53 82
53 83
53 84
53 85
53 86
53 87
53 88
53 96
53 97
53 101
53 102
53 103
53 104
53 105
53 106
53 109
53 124
53 125
53 126
54 55
54 56
54 57
54 58
54 59
54 60
54 61
54 62
54 63
54 66
54 82
54 83
54 84
54 85
54 86
54 87
54 88
54 96
54 97
54 98
54 99
54 100
54 101
54 102
54 103
54 104
54 105
54 106
54 107
54 108
54 109
54 124
54 125
54 126
55 56
55 57
55 58
55 59
55 60
55 61
55 62
55 84
55 85
55 86
55 87
55 95
55 96
55 97
55 101
55 102
55 104
55 105
55 106
56 57
56 58
56 59
56 60
56 61
56 84
56 85
56 86
56 87
56 88
56 90
56 94
56 95
56 96
56 97
56 98
56 99
56 100
56 101
56 102
56 104
56 105
56 125
57 58
57 59
57 60
57 61
57 84
57 85
57 86
57 87
57 88
57 89
57 90
57 93
57 94
57 95
57 96
57 97
57 98
57 101
57 102
58 59
58 60
58 61
58 84
58 85
58 86
58 87
58 88
58 95
58 96
58 97
59 60
59 61
59 62
59 65
59 84
59 85
59 86
60 61
60 62
60 63
60 64
60 65
60 66
60 84
60 85
60 86
60 102
60 105
60 106
60 108
60 109
61 62
61 63
61 64
61 65
61 66
61 67
61 68
61 69
61 82
61 83
61 84
61 85
61 86
61 105
61 106
61 108
61 109
62 63
62 64
62 65
62 66
62 67
62 68
62 69
62 105
62 106
62 107
62 108
62 109
62 110
62 111
62 112
63 64
63 65
63 66
63 67
63 68
63 69
63 70
63 105
63 106
63 107
63 108
63 109
63 110
63 111
63 112
63 113
64 65
64 66
64 67
64 68
64 69
64 70
64 71
64 108
64 109
64 110
64 111
64 112
64 113
65 66
65 67
65 68
65 69
65 70
65 71
65 72
65 109
65 112
66 67
66 68
66 69
66 70
66 71
66 72
66 73
66 80
66 81
66 82
66 83
66 84
66 105
66 106
66 108
66 109
66 110
66 111
66 112
66 113
66 116
66 120
67 68
67 69
67 70
67 71
67 72
67 73
67 74
67 80
67 82
67 109
67 110
67 111
67 112
67 113
67 114
67 115
67 116
67 120
68 69
68 70
68 71
68 72
68 73
68 74
68 75
68 80
68 112
68 113
69 70
69 71
69 72
69 73
69 74
69 75
69 76
69 78
69 79
69 80
69 81
69 82
69 112
69 113
69 119
69 120
70 71
70 72
70 73
70 74
70 75
70 76
70 77
70 78
70 79
70 80
70 81
70 82
70 109
70 112
70 113
70 114
70 115
70 116
70 117
70 118
70 119
70 120
70 121
70 122
71 72
71 73
71 74
71 75
71 76
71 77
71 78
71 79
71 80
71 112
71 113
71 116
71 119
71 120
72 73
72 74
72 75
72 76
72 77
72 78
72 79
72 80
72 119
72 120
73 74
73 75
73 76
73 77
73 78
73 79
73 80
73 81
73 82
73 116
73 118
73 119
73 120
73 121
73 297
73 300
74 75
74 76
74 77
74 78
74 79
74 80
74 81
74 116
74 117
74 118
74 119
74 120
74 296
74 297
74 299
74 300
74 301
75 76
75 77
75 78
75 79
75 80
75 119
75 300
75 301
76 77
76 78
76 79
76 80
76 119
76 296
76 297
76 300
77 78
77 79
77 80
77 118
77 119
77 120
77 295
77 296
77 297
77 298
77 299
77 300
77 301
78 79
78 80
78 81
78 82
78 118
78 119
78 120
78 121
78 294
78 295
78 296
78 297
78 298
78 299
78 300
78 301
79 80
79 81
79 82
79 116
79 117
79 118
79 119
79 120
79 121
79 122
79 158
79 251
79 295
79 296
79 297
79 298
79 299
79 300
80 81
80 82
80 83
80 113
80 116
80 117
80 118
80 119
80 120
80 121
80 122
80 123
80 157
80 158
80 160
80 251
80 297
81 82
81 83
81 84
81 113
81 116
81 117
81 118
81 119
81 120
81 121
81 122
81 123
81 124
81 125
81 126
81 157
81 158
81 159
81 160
81 161
81 191
81 193
81 221
81 223
81 251
82 83
82 84
82 85
82 102
82 105
82 106
82 109
82 113
82 116
82 119
82 120
82 121
82 122
82 123
82 124
82 125
82 126
82 157
82 158
82 159
82 160
82 161
82 223
83 84
83 85
83 86
83 87
83 88
83 99
83 102
83 103
83 105
83 106
83 120
83 121
83 122
83 123
83 124
83 125
83 126
83 127
83 128
83 159
83 160
83 161
83 162
83 193
83 223
83 224
84 85
84 86
84 87
84 88
84 96
84 97
84 98
84 99
84 100
84 101
84 102
84 103
84 104
84 105
84 106
84 109
84 121
84 122
84 123
84 124
84 125
84 126
84 127
84 128
84 160
84 161
84 162
85 86
85 87
85 88
85 89
85 90
85 96
85 97
85 98
85 99
85 101
85 102
85 105
85 123
85 124
85 125
85 126
85 127
85 128
85 129
85 162
85 166
85 167
86 87
86 88
86 89
86 90
86 93
86 94
86 95
86 96
86 97
86 98
86 99
86 100
86 101
86 102
86 103
86 105
86 124
86 125
86 126
86 127
86 128
86 129
87 88
87 89
87 90
87 91
87 92
87 93
87 94
87 95
87 96
87 97
87 98
87 99
87 100
87 101
87 102
87 103
87 105
87 123
87 124
87 125
87 126
87 127
87 128
87 129
87 130
87 143
87 161
87 162
87 163
87 164
87 166
87 167
88 89
88 90
88 91
88 92
88 93
88 94
88 95
88 96
88 97
88 98
88 99
88 102
88 124
88 125
88 126
88 127
88 128
88 129
88 130
88 131
88 162
88 163
88 164
88 165
88 166
88 167
88 168
89 90
89 91
89 92
89 93
89 94
89 95
89 96
89 97
89 98
89 99
89 125
89 126
89 127
89 128
89 129
89 130
89 131
89 132
89 133
89 135
89 136
89 139
89 162
89 163
89 164
89 165
89 166
89 167
89 168
89 169
90 91
90 92
90 93
90 94
90 95
90 96
90 97
90 98
90 99
90 100
90 101
90 102
90 125
90 126
90 127
90 128
90 129
90 130
90 131
90 132
90 133
90 134
90 135
90 136
90 138
90 139
90 142
90 163
90 164
90 165
90 166
90 167
91 92
91 93
91 94
91 95
91 96
91 97
91 98
91 99
91 127
91 128
91 129
91 130
91 131
91 132
91 133
91 134
91 135
91 136
91 137
91 138
91 139
91 164
91 165
91 166
92 93
92 94
92 95
92 96
92 97
92 98
92 127
92 128
92 129
92 130
92 131
92 132
92 133
92 134
92 135
92 136
92 164
92 165
92 166
93 94
93 95
93 96
93 97
93 98
93 127
93 128
93 129
93 130
93 131
93 132
93 135
93 165
93 166
94 95
94 96
94 97
94 98
94 129
94 130
94 132
95 96
95 97
95 98
96 97
96 98
96 99
96 100
96 101
96 102
96 125
96 126
96 127
96 128
96 129
96 130
96 166
97 98
97 99
97 100
97 101
97 102
97 103
97 104
97 105
97 124
97 125
97 126
97 127
97 128
97 129
97 130
98 99
98 100
98 101
98 102
98 103
98 104
98 105
98 124
98 125
98 126
98 127
98 128
98 129
98 130
98 135
98 138
98 139
98 142
98 143
98 145
98 146
99 100
99 101
99 102
99 103
99 104
99 105
99 106
99 123
99 124
99 125
99 126
99 127
99 128
99 129
99 135
99 138
99 139
99 140
99 141
99 142
99 143
99 144
99 145
99 146
99 147
99 148
99 149
99 150
99 161
99 162
99 163
99 164
100 101
100 102
100 103
100 104
100 105
100 106
100 107
100 124
100 125
100 128
100 139
100 141
100 142
100 143
100 144
100 145
100 146
100 147
100 148
100 149
100 150
101 102
101 103
101 104
101 105
101 106
101 107
101 108
101 124
101 125
101 128
101 142
101 143
101 145
101 146
101 149
101 150
102 103
102 104
102 105
102 106
102 107
102 108
102 109
102 122
102 123
102 124
102 125
102 126
102 128
102 142
102 143
102 145
102 146
102 147
102 149
102 150
102 161
103 104
103 105
103 106
103 107
103 108
103 109
103 110
103 122
103 123
103 124
103 125
103 142
103 143
103 144
103 145
103 146
103 147
103 148
103 149
103 150
103 151
103 152
103 153
103 155
103 159
104 105
104 106
104 107
104 108
104 109
104 110
104 124
104 125
104 146
104 147
104 149
104 150
104 153
105 106
105 107
105 108
105 109
105 110
105 111
105 112
105 113
105 122
105 124
105 125
105 146
105 149
105 150
105 153
106 107
106 108
106 109
106 110
106 111
106 112
106 113
106 114
106 121
106 122
106 123
106 124
106 125
106 146
106 147
106 149
106 150
106 151
106 153
106 154
106 155
106 157
106 159
107 108
107 109
107 110
107 111
107 112
107 113
107 114
107 122
107 124
107 146
107 147
107 149
107 150
107 151
107 152
107 153
107 154
107 155
108 109
108 110
108 111
108 112
108 113
108 114
108 150
108 153
108 155
109 110
109 111
109 112
109 113
109 114
109 116
109 122
109 150
109 153
109 155
110 111
110 112
110 113
110 114
110 115
110 116
110 117
110 122
110 150
110 151
110 153
110 154
110 155
110 156
110 157
111 112
111 113
111 114
111 115
111 116
111 153
111 154
111 155
112 113
112 114
112 115
112 116
112 117
112 120
112 155
113 114
113 115
113 116
113 117
113 118
113 119
113 120
113 121
113 122
113 150
113 153
113 154
113 155
113 156
113 157
113 158
114 115
114 116
114 117
114 118
114 119
114 120
114 121
114 122
114 150
114 153
114 154
114 155
114 156
114 157
114 158
115 116
115 117
115 118
115 119
115 120
115 121
115 154
115 155
115 156
115 157
116 117
116 118
116 119
116 120
116 121
116 122
116 155
116 156
116 157
116 158
116 299
117 118
117 119
117 120
117 121
117 122
117 154
117 155
117 156
117 157
117 158
117 159
117 189
117 299
118 119
118 120
118 121
118 122
118 156
118 157
118 158
118 297
118 298
118 299
118 300
119 120
119 121
119 122
119 157
119 158
119 296
119 297
119 298
119 299
119 300
120 121
120 122
120 123
120 155
120 156
120 157
120 158
120 159
120 160
120 297
120 299
121 122
121 123
121 124
121 155
121 156
121 157
121 158
121 159
121 160
121 161
121 189
121 190
121 191
121 223
122 123
122 124
122 125
122 126
122 146
122 147
122 150
122 155
122 156
122 157
122 158
122 159
122 160
122 161
122 162
122 189
122 190
122 191
122 192
122 193
123 124
123 125
123 126
123 127
123 128
123 143
123 146
123 147
123 150
123 157
123 158
123 159
123 160
123 161
123 162
123 163
123 189
123 190
123 191
123 192
123 193
123 194
123 221
123 223
124 125
124 126
124 127
124 128
124 142
124 143
124 144
124 145
124 146
124 147
124 148
124 149
124 150
124 155
124 157
124 158
124 159
124 160
124 161
124 162
124 163
124 190
124 191
124 192
124 193
125 126
125 127
125 128
125 129
125 139
125 142
125 143
125 146
125 147
125 159
125 160
125 161
125 162
125 163
125 164
125 166
125 167
125 192
125 193
125 223
126 127
126 128
126 129
126 130
126 143
126 160
126 161
126 162
126 163
126 164
126 165
126 166
126 167
126 168
126 192
126 193
126 194
126 195
126 223
126 224
127 128
127 129
127 130
127 131
127 136
127 139
127 143
127 160
127 161
127 162
127 163
127 164
127 165
127 166
127 167
127 168
127 169
127 174
127 192
127 193
127 194
127 195
127 196
127 223
127 224
128 129
128 130
128 131
128 132
128 135
128 136
128 137
128 138
128 139
128 140
128 142
128 143
128 146
128 160
128 161
128 162
128 163
128 164
128 165
128 166
128 167
128 168
128 169
128 174
128 193
128 194
128 195
129 130
129 131
129 132
129 133
129 134
129 135
129 136
129 137
129 138
129 139
129 140
129 142
129 143
129 161
129 162
129 163
129 164
129 165
129 166
129 167
129 168
129 169
129 170
129 171
129 173
129 174
130 131
130 132
130 133
130 134
130 135
130 136
130 137
130 138
130 139
130 162
130 163
130 164
130 165
130 166
130 167
130 168
130 169
130 170
130 171
131 132
131 133
131 134
131 135
131 136
131 137
131 138
131 139
131 163
131 164
131 165
131 166
131 167
131 168
131 169
131 170
131 171
131 172
131 173
132 133
132 134
132 135
132 136
132 137
132 138
132 139
132 164
132 165
132 166
132 171
133 134
133 135
133 136
133 137
133 138
133 139
133 164
133 165
133 171
133 173
134 135
134 136
134 137
134 138
134 139
134 164
134 165
135 136
135 137
135 138
135 139
135 140
135 141
135 142
135 143
135 164
135 165
135 166
135 173
136 137
136 138
136 139
136 140
136 141
136 142
136 143
136 163
136 164
136 165
136 166
136 167
136 168
136 169
136 170
136 171
136 172
136 173
136 174
136 177
137 138
137 139
137 140
137 141
137 142
137 143
137 163
137 164
137 165
137 169
137 171
137 172
137 173
137 174
137 176
137 177
138 139
138 140
138 141
138 142
138 143
138 144
138 145
138 146
138 163
138 164
138 173
138 174
138 177
138 181
139 140
139 141
139 142
139 143
139 144
139 145
139 146
139 161
139 162
139 163
139 164
139 165
139 166
139 167
139 169
139 171
139 172
139 173
139 174
139 175
139 176
139 177
139 178
139 180
139 181
140 141
140 142
140 143
140 144
140 145
140 146
140 147
140 161
140 162
140 163
140 164
140 172
140 173
140 174
140 175
140 176
140 177
140 178
140 179
140 180
140 181
140 182
140 183
140 184
140 192
141 142
141 143
141 144
141 145
141 146
141 147
141 148
141 173
141 174
141 177
141 178
141 179
141 180
141 181
141 182
141 183
141 184
142 143
142 144
142 145
142 146
142 147
142 148
142 149
142 161
142 162
142 163
142 164
142 180
142 181
142 184
143 144
143 145
143 146
143 147
143 148
143 149
143 150
143 159
143 160
143 161
143 162
143 163
143 164
143 174
143 177
143 178
143 179
143 180
143 181
143 182
143 183
143 184
143 185
143 190
143 191
143 192
144 145
144 146
144 147
144 148
144 149
144 150
144 151
144 159
144 160
144 161
144 162
144 174
144 177
144 178
144 179
144 180
144 181
144 182
144 183
144 184
144 185
144 186
144 190
145 146
145 147
145 148
145 149
145 150
145 151
145 152
145 161
145 180
145 181
145 182
145 183
145 184
145 185
146 147
146 148
146 149
146 150
146 151
146 152
146 153
146 155
146 159
146 160
146 161
146 181
146 184
146 185
146 190
147 148
147 149
147 150
147 151
147 152
147 153
147 154
147 155
147 156
147 157
147 158
147 159
147 160
147 161
147 180
147 181
147 182
147 183
147 184
147 185
147 186
147 187
147 188
147 189
147 190
147 191
148 149
148 150
148 151
148 152
148 153
148 154
148 155
148 156
148 159
148 181
148 182
148 183
148 184
148 185
148 186
148 187
148 188
148 189
148 190
149 150
149 151
149 152
149 153
149 154
149 155
149 156
149 159
149 184
149 185
150 151
150 152
150 153
150 154
150 155
150 156
150 157
150 158
150 159
150 160
150 184
150 185
150 186
150 187
150 189
150 190
151 152
151 153
151 154
151 155
151 156
151 157
151 158
151 159
151 184
151 185
151 186
151 187
151 188
151 189
151 190
152 153
152 154
152 155
152 156
152 185
152 186
152 187
153 154
153 155
153 156
153 157
154 155
154 156
154 157
154 187
155 156
155 157
155 158
155 159
155 185
155 187
155 189
155 190
156 157
156 158
156 159
156 185
156 186
156 187
156 188
156 189
156 190
157 158
157 159
157 160
157 185
157 187
157 188
157 189
157 190
157 191
158 159
158 160
158 161
158 182
158 185
158 186
158 187
158 188
158 189
158 190
158 191
158 192
158 219
159 160
159 161
159 162
159 181
159 182
159 185
159 187
159 188
159 189
159 190
159 191
159 192
159 193
159 219
159 220
159 221
160 161
160 162
160 163
160 181
160 182
160 185
160 188
160 189
160 190
160 191
160 192
160 193
160 194
160 219
160 220
160 221
160 222
160 223
160 249
161 162
161 163
161 164
161 167
161 174
161 178
161 181
161 182
161 185
161 189
161 190
161 191
161 192
161 193
161 194
161 195
161 219
161 220
161 221
161 222
161 223
162 163
162 164
162 165
162 166
162 167
162 168
162 169
162 173
162 174
162 175
162 178
162 181
162 190
162 191
162 192
162 193
162 194
162 195
162 196
162 220
162 221
162 222
162 223
162 224
163 164
163 165
163 166
163 167
163 168
163 169
163 170
163 171
163 172
163 173
163 174
163 175
163 176
163 177
163 178
163 181
163 191
163 192
163 193
163 194
163 195
163 196
163 220
163 221
163 222
163 223
163 224
164 165
164 166
164 167
164 168
164 169
164 170
164 171
164 172
164 173
164 174
164 175
164 176
164 177
164 178
164 192
164 193
164 194
164 195
165 166
165 167
165 168
165 169
165 170
165 171
165 172
165 173
165 174
165 175
165 194
165 195
165 196
165 197
165 198
165 199
166 167
166 168
166 169
166 170
166 171
166 173
166 174
166 193
166 194
166 195
166 196
166 197
166 198
166 199
166 224
167 168
167 169
167 170
167 171
167 172
167 173
167 174
167 175
167 192
167 193
167 194
167 195
167 196
167 197
167 198
167 199
167 200
167 222
167 223
167 224
167 225
168 169
168 170
168 171
168 172
168 173
168 174
168 175
168 192
168 193
168 194
168 195
168 196
168 197
168 198
168 199
168 200
168 201
168 205
168 206
168 209
168 222
168 223
168 224
168 225
168 226
168 232
168 234
169 170
169 171
169 172
169 173
169 174
169 175
169 176
169 177
169 178
169 192
169 193
169 194
169 195
169 196
169 197
169 198
169 199
169 200
169 205
169 206
169 209
169 222
170 171
170 172
170 173
170 174
170 175
170 176
170 194
170 195
170 196
170 197
170 198
170 199
170 200
170 205
170 206
170 209
171 172
171 173
171 174
171 175
171 176
171 177
171 199
171 209
172 173
172 174
172 175
172 176
172 177
172 178
172 194
172 199
172 205
172 208
172 209
172 210
172 212
172 213
173 174
173 175
173 176
173 177
173 178
173 179
173 180
173 181
173 194
173 209
174 175
174 176
174 177
174 178
174 179
174 180
174 181
174 182
174 191
174 192
174 193
174 194
174 195
174 209
174 212
174 213
174 218
174 220
175 176
175 177
175 178
175 179
175 180
175 181
175 182
175 192
175 193
175 194
175 208
175 209
175 210
175 211
175 212
175 213
175 214
175 215
175 216
175 218
175 219
175 220
176 177
176 178
176 179
176 180
176 181
176 182
176 209
176 212
176 213
176 216
176 218
177 178
177 179
177 180
177 181
177 182
177 183
177 184
177 192
177 212
177 213
177 216
177 218
178 179
178 180
178 181
178 182
178 183
178 184
178 185
178 190
178 191
178 192
178 193
178 194
178 212
178 213
178 216
178 217
178 218
178 219
178 220
179 180
179 181
179 182
179 183
179 184
179 185
179 188
179 190
179 191
179 192
179 212
179 213
179 216
179 217
179 218
179 219
180 181
180 182
180 183
180 184
180 185
180 186
180 188
180 190
180 218
181 182
181 183
181 184
181 185
181 186
181 187
181 188
181 189
181 190
181 191
181 192
181 218
181 219
182 183
182 184
182 185
182 186
182 187
182 188
182 189
182 190
182 191
182 192
182 213
182 216
182 217
182 218
182 219
182 220
183 184
183 185
183 186
183 187
183 188
183 189
183 190
183 191
183 218
184 185
184 186
184 187
184 188
184 189
184 190
185 186
185 187
185 188
185 189
185 190
185 191
186 187
186 188
186 189
186 190
187 188
187 189
187 190
187 191
188 189
188 190
188 191
188 192
188 217
188 218
188 219
189 190
189 191
189 192
189 218
189 219
189 220
190 191
190 192
190 193
190 217
190 218
190 219
190 220
190 221
191 192
191 193
191 194
191 213
191 214
191 217
191 218
191 219
191 220
191 221
191 222
191 223
191 248
191 249
192 193
192 194
192 195
192 209
192 210
192 213
192 214
192 217
192 218
192 219
192 220
192 221
192 222
192 223
192 224
192 248
192 249
192 250
193 194
193 195
193 196
193 209
193 210
193 213
193 218
193 219
193 220
193 221
193 222
193 223
193 224
193 225
193 248
193 249
193 250
193 251
194 195
194 196
194 197
194 199
194 200
194 206
194 209
194 210
194 213
194 219
194 220
194 221
194 222
194 223
194 224
194 225
194 239
194 243
194 248
194 249
194 250
194 251
194 252
195 196
195 197
195 198
195 199
195 200
195 206
195 209
195 210
195 220
195 221
195 222
195 223
195 224
195 225
195 226
195 234
195 236
195 239
195 249
195 250
195 251
195 252
195 253
196 197
196 198
196 199
196 200
196 201
196 202
196 203
196 205
196 206
196 207
196 209
196 210
196 221
196 222
196 223
196 224
196 225
196 226
196 227
196 228
196 230
196 231
196 232
196 233
196 234
196 235
196 236
196 238
196 239
196 240
196 243
196 250
196 251
196 252
196 253
197 198
197 199
197 200
197 201
197 202
197 205
197 206
197 222
197 223
197 224
197 225
197 226
197 227
197 228
197 229
197 230
197 231
197 232
197 233
197 234
197 235
197 236
197 239
197 252
197 253
197 262
197 265
198 199
198 200
198 201
198 202
198 203
198 205
198 206
198 224
198 225
198 226
198 227
198 228
198 229
198 230
198 231
198 232
198 233
198 234
198 235
198 236
199 200
199 201
199 202
199 203
199 204
199 205
199 206
199 209
199 225
199 226
199 228
199 230
199 231
199 232
199 233
199 234
199 235
200 201
200 202
200 203
200 204
200 205
200 206
200 207
200 208
200 209
200 210
200 222
200 224
200 225
200 226
200 227
200 228
200 230
200 231
200 232
200 233
200 234
200 235
200 236
200 237
200 238
200 239
201 202
201 203
201 204
201 205
201 206
201 207
201 225
201 226
201 227
201 228
201 229
201 230
201 231
201 232
201 233
201 234
201 235
201 236
201 237
201 238
201 239
202 203
202 204
202 205
202 206
202 207
202 208
202 209
202 228
202 232
202 233
202 234
202 235
202 236
202 237
202 238
202 239
203 204
203 205
203 206
203 207
203 208
203 209
203 210
203 228
203 233
203 234
203 235
203 236
203 237
203 238
203 239
203 240
203 241
203 242
204 205
204 206
204 207
204 208
204 209
204 210
204 211
204 234
204 235
204 238
204 239
204 242
205 206
205 207
205 208
205 209
205 210
205 211
205 212
205 234
205 235
205 238
205 239
205 242
206 207
206 208
206 209
206 210
206 211
206 212
206 213
206 222
206 225
206 234
206 235
206 236
206 237
206 238
206 239
206 240
206 241
206 242
206 243
206 246
207 208
207 209
207 210
207 211
207 212
207 213
207 214
207 215
207 235
207 237
207 238
207 239
207 240
207 241
207 242
207 243
207 244
207 245
207 246
207 248
208 209
208 210
208 211
208 212
208 213
208 214
208 215
208 238
208 239
208 242
208 246
209 210
209 211
209 212
209 213
209 214
209 215
209 216
209 218
209 220
209 221
209 222
209 239
209 242
209 243
209 246
210 211
210 212
210 213
210 214
210 215
210 216
210 217
210 218
210 219
210 220
210 221
210 222
210 238
210 239
210 240
210 241
210 242
210 243
210 244
210 245
210 246
210 247
210 248
210 249
210 250
211 212
211 213
211 214
211 215
211 216
211 217
211 218
211 219
211 220
211 221
211 239
211 242
211 243
211 245
211 246
211 247
211 248
212 213
212 214
212 215
212 216
212 217
212 218
212 219
212 220
212 246
213 214
213 215
213 216
213 217
213 218
213 219
213 220
213 221
213 222
213 243
213 246
213 247
213 248
214 215
214 216
214 217
214 218
214 219
214 220
214 221
214 242
214 243
214 245
214 246
214 247
214 248
214 249
215 216
215 217
215 218
215 219
215 220
215 246
216 217
216 218
216 219
216 220
217 218
217 219
217 220
217 246
217 248
218 219
218 220
218 221
218 248
219 220
219 221
219 222
219 246
219 247
219 248
219 249
220 221
220 222
220 223
220 224
220 243
220 246
220 247
220 248
220 249
220 250
220 251
221 222
221 223
221 224
221 225
221 239
221 240
221 242
221 243
221 244
221 246
221 247
221 248
221 249
221 250
221 251
221 252
222 223
222 224
222 225
222 226
222 236
222 239
222 240
222 242
222 243
222 244
222 246
222 247
222 248
222 249
222 250
222 251
222 252
222 253
223 224
223 225
223 226
223 239
223 243
223 248
223 249
223 250
223 251
223 252
223 253
223 254
224 225
224 226
224 227
224 234
224 236
224 239
224 240
224 249
224 250
224 251
224 252
224 253
224 254
224 255
224 265
225 226
225 227
225 228
225 230
225 231
225 232
225 233
225 234
225 235
225 236
225 237
225 238
225 239
225 240
225 243
225 249
225 250
225 251
225 252
225 253
225 254
225 265
225 279
225 283
226 227
226 228
226 229
226 230
226 231
226 232
226 233
226 234
226 235
226 236
226 237
226 238
226 239
226 240
226 250
226 251
226 252
226 253
226 254
226 255
226 262
226 263
226 264
226 265
226 266
226 267
226 279
226 280
226 282
226 283
227 228
227 229
227 230
227 231
227 232
227 233
227 234
227 235
227 236
227 237
227 238
227 239
227 240
227 252
227 253
227 254
227 262
227 263
227 264
227 265
227 266
227 267
227 278
227 279
227 280
227 281
227 282
227 283
228 229
228 230
228 231
228 232
228 233
228 234
228 235
228 236
228 237
228 238
228 239
228 264
228 265
228 278
228 279
228 282
229 230
229 231
229 232
229 233
229 234
229 235
229 236
229 237
229 262
229 263
229 264
229 265
229 278
229 279
230 231
230 232
230 233
230 234
230 235
230 236
230 253
230 261
230 262
230 263
230 264
230 265
230 266
230 279
231 232
231 233
231 234
231 235
231 261
231 262
231 263
231 264
231 265
232 233
232 234
232 235
232 236
232 262
233 234
233 235
233 236
233 237
233 238
233 239
233 264
233 265
234 235
234 236
234 237
234 238
234 239
234 240
234 252
234 265
235 236
235 237
235 238
235 239
235 240
235 241
235 242
236 237
236 238
236 239
236 240
236 241
236 242
236 243
236 250
236 251
236 252
236 253
236 265
236 279
236 282
236 283
236 286
236 287
236 288
236 289
237 238
237 239
237 240
237 241
237 242
237 243
237 244
237 279
237 282
237 283
237 286
237 287
237 288
237 289
238 239
238 240
238 241
238 242
238 243
238 244
238 245
238 246
238 287
238 288
238 289
239 240
239 241
239 242
239 243
239 244
239 245
239 246
239 247
239 248
239 249
239 250
239 251
239 252
239 283
239 287
239 288
239 289
240 241
240 242
240 243
240 244
240 245
240 246
240 247
240 248
240 249
240 250
240 251
240 252
240 282
240 283
240 284
240 285
240 286
240 287
240 288
240 289
240 290
240 292
240 293
241 242
241 243
241 244
241 245
241 246
241 247
241 248
241 249
241 250
241 283
241 286
241 287
241 288
241 289
241 290
241 293
242 243
242 244
242 245
242 246
242 247
242 248
242 249
242 250
242 287
242 288
242 289
243 244
243 245
243 246
243 247
243 248
243 249
243 250
243 251
243 252
243 287
243 288
243 289
243 290
243 293
243 294
244 245
244 246
244 247
244 248
244 249
244 250
244 287
244 288
244 289
244 290
244 292
244 293
244 294
245 246
245 247
245 248
245 249
245 288
245 293
246 247
246 248
246 249
246 250
246 288
247 248
247 249
247 250
247 288
247 293
247 294
248 249
248 250
248 251
248 288
248 293
248 294
249 250
249 251
249 252
249 288
249 289
249 290
249 293
249 294
249 295
250 251
250 252
250 253
250 254
250 283
250 284
250 288
250 289
250 290
250 293
250 294
251 252
251 253
251 254
251 255
251 283
251 284
251 289
251 290
251 294
252 253
252 254
252 255
252 256
252 265
252 266
252 267
252 279
252 280
252 282
252 283
252 284
252 289
252 290
253 254
253 255
253 256
253 257
253 258
253 262
253 263
253 264
253 265
253 266
253 267
253 268
253 279
253 280
253 283
254 255
254 256
254 257
254 258
254 259
254 262
254 263
254 264
254 265
254 266
254 267
254 268
254 269
254 270
254 271
254 276
254 277
254 279
254 280
254 283
254 284
255 256
255 257
255 258
255 262
255 263
255 264
255 265
255 266
255 267
255 268
255 269
255 270
255 271
255 272
255 273
255 274
255 275
255 276
255 277
255 279
255 280
255 281
255 283
255 284
256 257
256 258
256 259
256 260
256 262
256 263
256 264
256 265
256 266
256 267
256 268
256 269
256 270
256 271
256 272
256 273
256 275
256 276
256 277
256 279
256 280
257 258
257 259
257 260
257 261
257 262
257 263
257 264
257 265
257 266
257 267
257 268
257 269
257 270
257 271
257 272
258 259
258 260
258 261
258 262
258 263
258 264
258 265
258 266
258 267
258 268
258 269
258 270
258 271
259 260
259 261
259 262
259 263
259 264
259 265
259 266
259 270
260 261
260 262
260 263
260 264
260 265
260 266
261 262
261 263
261 264
261 265
261 266
262 263
262 264
262 265
262 266
262 267
263 264
263 265
263 266
263 267
263 268
263 269
263 270
263 277
263 278
263 279
264 265
264 266
264 267
264 268
264 269
264 276
264 277
264 278
264 279
264 280
265 266
265 267
265 268
265 269
265 276
265 277
265 278
265 279
265 280
265 281
265 282
265 283
266 267
266 268
266 269
266 270
266 271
266 272
266 273
266 275
266 276
266 277
266 278
266 279
266 280
266 281
266 282
266 283
267 268
267 269
267 270
267 271
267 272
267 273
267 274
267 275
267 276
267 277
267 278
267 279
267 280
267 281
267 282
267 283
267 284
267 285
268 269
268 270
268 271
268 272
268 273
268 274
268 275
268 276
268 277
268 278
268 279
268 280
268 281
268 282
268 283
268 284
269 270
269 271
269 272
269 273
269 274
269 275
269 276
269 277
269 278
269 279
269 280
269 281
270 271
270 272
270 273
270 274
270 275
270 276
270 277
271 272
271 273
271 274
271 275
271 276
271 277
271 280
272 273
272 274
272 275
272 276
272 277
272 280
273 274
273 275
273 276
273 277
273 280
273 281
273 284
274 275
274 276
274 277
274 280
274 281
275 276
275 277
275 278
275 279
275 280
275 281
276 277
276 278
276 279
276 280
276 281
276 282
276 283
276 284
276 285
277 278
277 279
277 280
277 281
277 282
277 283
277 284
277 285
278 279
278 280
278 281
278 282
278 283
278 284
278 285
278 286
279 280
279 281
279 282
279 283
279 284
279 285
279 286
279 289
280 281
280 282
280 283
280 284
280 285
280 286
280 289
280 290
280 291
281 282
281 283
281 284
281 285
281 286
281 287
281 288
281 289
281 290
281 291
281 292
282 283
282 284
282 285
282 286
282 287
282 288
282 289
282 290
282 291
282 292
283 284
283 285
283 286
283 287
283 288
283 289
283 290
283 291
283 292
283 293
283 294
284 285
284 286
284 287
284 288
284 289
284 290
284 291
284 292
284 293
284 294
285 286
285 287
285 288
285 289
285 290
285 291
285 292
285 293
285 294
286 287
286 288
286 289
286 290
286 291
286 292
286 293
287 288
287 289
287 290
287 291
287 292
287 293
288 289
288 290
288 291
288 292
288 293
288 294
289 290
289 291
289 292
289 293
289 294
289 295
290 291
290 292
290 293
290 294
290 295
290 296
291 292
291 293
291 294
291 295
291 296
292 293
292 294
292 295
292 296
293 294
293 295
293 296
294 295
294 296
294 297
295 296
295 297
295 298
295 299
295 300
295 301
296 297
296 298
296 299
296 300
296 301
297 298
297 299
297 300
297 301
298 299
298 300
298 301
299 300
299 301
300 301