106
0 1
0 2
0 3
0 4
0 28
0 29
0 30
0 31
0 32
0 33
0 34
0 39
0 40
0 41
0 42
0 43
0 81
0 82
0 83
0 84
0 85
0 86
0 88
0 89
0 90
0 91
0 92
0 93
0 94
0 95
1 2
1 3
1 4
1 27
1 28
1 29
1 30
1 31
1 32
1 41
1 43
1 81
1 82
1 83
1 84
1 85
1 90
1 91
1 92
1 93
1 94
1 95
1 96
2 3
2 4
2 5
2 6
2 26
2 27
2 28
2 29
2 30
2 31
2 32
2 41
2 42
2 43
2 44
2 45
2 64
2 80
2 81
2 82
2 83
2 84
2 85
2 91
2 92
2 93
2 94
2 95
2 96
2 97
3 4
3 5
3 6
3 7
3 25
3 26
3 27
3 28
3 29
3 30
3 31
3 32
3 41
3 42
3 43
3 44
3 45
3 63
3 64
3 65
3 80
3 81
3 82
3 83
3 84
3 91
3 92
3 93
3 94
3 95
3 96
3 97
3 98
4 5
4 6
4 7
4 24
4 25
4 26
4 27
4 28
4 29
4 30
4 31
4 43
4 64
4 80
4 81
4 82
4 83
4 93
4 94
4 95
4 96
4 97
4 98
5 6
5 7
5 8
5 24
5 25
5 26
5 27
5 28
5 29
5 30
5 64
5 65
5 80
5 81
5 95
5 96
5 97
5 98
6 7
6 8
6 9
6 23
6 24
6 25
6 26
6 27
6 28
6 29
6 45
6 64
6 65
6 66
6 78
6 79
6 80
6 81
6 82
6 94
6 95
6 96
6 97
6 98
6 99
6 100
7 8
7 9
7 10
7 22
7 23
7 24
7 25
7 26
7 27
7 64
7 65
7 66
7 67
7 78
7 79
7 80
7 81
7 95
7 96
7 97
7 98
7 99
7 100
7 101
8 9
8 10
8 11
8 21
8 22
8 23
8 24
8 25
8 26
8 64
8 65
8 66
8 67
8 68
8 77
8 78
8 79
8 80
8 97
8 98
8 99
8 100
8 101
8 102
9 10
9 11
9 12
9 13
9 20
9 21
9 22
9 23
9 24
9 25
9 26
9 65
9 66
9 67
9 68
9 98
9 99
9 100
9 101
9 102
9 103
10 11
10 12
10 13
10 14
10 15
10 19
10 20
10 21
10 22
10 23
10 24
10 25
10 66
10 67
10 68
10 69
10 70
10 71
10 73
10 100
10 101
10 102
10 103
11 12
11 13
11 14
11 15
11 19
11 20
11 21
11 22
11 23
11 24
11 25
11 66
11 67
11 68
11 69
11 70
11 71
11 102
12 13
12 14
12 15
12 16
12 17
12 19
12 20
12 21
12 22
12 23
12 67
12 68
12 69
12 70
12 71
13 14
13 15
13 16
13 17
13 19
13 20
13 21
13 22
14 15
14 16
14 17
14 18
14 19
14 20
14 21
14 22
14 73
14 103
14 104
15 16
15 17
15 18
15 19
15 20
15 73
15 102
15 103
15 104
15 105
16 17
16 18
16 19
16 20
16 73
16 103
16 104
16 105
17 18
17 19
17 20
17 21
17 70
17 71
17 72
17 73
17 74
17 102
17 103
17 104
17 105
18 19
18 20
18 21
18 70
18 71
18 72
18 73
18 74
18 75
18 102
18 103
18 104
18 105
19 20
19 21
19 22
19 68
19 69
19 70
19 71
19 72
19 73
19 74
19 75
19 102
19 103
19 104
19 105
20 21
20 22
20 23
20 67
20 68
20 69
20 70
20 71
20 72
20 73
20 74
20 75
20 77
20 100
20 101
20 102
20 103
20 104
21 22
21 23
21 24
21 66
21 67
21 68
21 69
21 70
21 71
21 72
21 73
21 100
21 102
22 23
22 24
22 25
22 65
22 66
22 67
22 68
22 69
22 70
22 71
22 72
22 73
22 77
22 79
22 100
22 101
22 102
22 103
23 24
23 25
23 26
23 45
23 64
23 65
23 66
23 67
23 68
23 69
23 70
23 71
23 79
23 100
24 25
24 26
24 27
24 45
24 46
24 47
24 63
24 64
24 65
24 66
24 67
24 68
24 69
24 78
24 79
24 80
24 81
24 97
24 98
24 99
24 100
25 26
25 27
25 28
25 43
25 45
25 63
25 64
25 65
25 66
25 67
25 68
25 79
25 80
25 81
25 98
26 27
26 28
26 29
26 30
26 43
26 44
26 45
26 62
26 63
26 64
26 65
26 66
26 79
26 80
26 81
26 82
26 83
26 95
26 96
26 97
26 98
27 28
27 29
27 30
27 31
27 32
27 34
27 41
27 43
27 63
27 64
27 65
27 81
27 82
27 83
27 95
28 29
28 30
28 31
28 32
28 33
28 34
28 35
28 39
28 40
28 41
28 42
28 43
28 62
28 63
28 64
28 65
28 81
28 82
28 83
28 84
28 85
28 95
29 30
29 31
29 32
29 33
29 34
29 39
29 40
29 41
29 42
29 43
29 64
29 81
29 82
29 83
29 84
29 85
29 92
29 93
29 94
29 95
30 31
30 32
30 33
30 34
30 35
30 39
31 32
31 33
31 34
31 35
31 38
31 39
32 33
32 34
32 35
32 36
32 37
32 38
32 39
32 40
32 41
32 83
32 84
32 85
33 34
33 35
33 36
33 37
33 38
33 39
33 40
33 41
33 85
34 35
34 36
34 37
34 38
34 39
34 40
34 41
34 42
34 62
34 63
34 64
34 85
34 86
35 36
35 37
35 38
35 39
35 40
35 41
36 37
36 38
36 39
36 40
37 38
37 39
37 40
37 41
37 85
38 39
38 40
38 41
38 85
38 86
39 40
39 41
39 42
39 83
39 84
39 85
39 86
39 87
39 88
39 89
40 41
40 42
40 43
40 61
40 62
40 63
40 83
40 84
40 85
40 86
40 87
40 88
41 42
41 43
41 44
41 60
41 61
41 62
41 63
41 64
41 82
41 83
41 84
41 85
41 86
41 87
41 88
41 89
41 90
41 91
41 92
42 43
42 44
42 45
42 59
42 60
42 61
42 62
42 63
42 64
42 65
42 81
42 82
42 83
42 84
42 85
42 86
42 87
42 88
42 89
42 90
42 91
42 92
43 44
43 45
43 46
43 57
43 58
43 59
43 60
43 61
43 62
43 63
43 64
43 65
43 66
43 80
43 81
43 82
43 83
43 84
43 85
43 86
43 90
43 91
43 92
43 93
43 94
43 95
44 45
44 46
44 47
44 56
44 57
44 58
44 59
44 60
44 61
44 62
44 63
44 64
44 65
44 66
44 79
44 80
44 81
44 82
44 83
44 84
44 85
44 86
44 90
44 91
44 92
44 93
44 94
44 95
45 46
45 47
45 48
45 55
45 56
45 57
45 58
45 59
45 60
45 61
45 62
45 63
45 64
45 65
45 66
45 67
45 68
45 78
45 79
45 80
45 81
45 82
45 83
45 84
45 91
45 93
45 94
45 95
45 96
45 97
45 98
46 47
46 48
46 49
46 54
46 55
46 56
46 57
46 58
46 59
46 60
46 66
46 67
46 68
46 77
46 78
46 79
46 80
46 81
46 82
46 83
46 94
46 95
46 96
46 97
46 98
47 48
47 49
47 50
47 51
47 52
47 53
47 54
47 55
47 56
47 57
47 58
47 67
47 68
47 69
47 71
47 76
47 77
47 78
47 79
47 80
47 81
47 82
47 94
47 97
47 98
47 99
47 100
48 49
48 50
48 51
48 52
48 53
48 54
48 55
48 56
48 57
48 58
48 68
48 71
48 72
48 75
48 76
48 77
48 78
48 79
48 80
48 97
48 98
48 99
48 100
49 50
49 51
49 52
49 53
49 54
49 55
49 56
49 71
49 72
49 73
49 74
49 75
49 76
49 77
49 78
49 79
49 98
49 99
49 100
49 101
50 51
50 52
50 53
50 54
50 55
50 56
50 74
50 75
50 76
50 77
50 78
50 79
50 97
50 98
50 99
50 100
50 101
51 52
51 53
51 54
51 55
51 75
51 76
51 77
51 78
52 53
52 54
52 55
52 56
52 75
52 76
52 77
52 78
53 54
53 55
53 56
53 78
54 55
54 56
54 57
54 78
55 56
55 57
55 58
55 77
55 78
55 79
55 80
55 81
56 57
56 58
56 59
56 68
56 77
56 78
56 79
56 80
56 81
57 58
57 59
57 60
57 61
57 68
57 79
57 80
57 81
57 82
58 59
58 60
58 61
58 66
58 67
58 68
58 69
58 79
58 80
58 81
58 82
59 60
59 61
59 62
59 66
59 81
59 82
60 61
60 62
60 63
60 64
60 65
60 66
60 81
60 82
60 83
60 84
60 85
60 86
60 91
61 62
61 63
61 64
61 65
61 66
61 67
61 81
61 82
61 83
61 84
61 85
61 86
62 63
62 64
62 65
62 66
62 82
62 83
62 84
62 85
62 86
63 64
63 65
63 66
63 67
63 81
63 83
64 65
64 66
64 67
64 81
64 82
64 83
65 66
65 67
65 68
65 81
66 67
66 68
66 69
66 79
66 81
67 68
67 69
67 70
67 71
67 79
68 69
68 70
68 71
68 72
68 77
68 78
68 79
68 100
69 70
69 71
69 72
69 73
69 77
70 71
70 72
70 73
70 74
70 75
70 77
70 102
71 72
71 73
71 74
71 75
71 76
71 77
71 78
71 100
71 101
71 102
71 103
71 104
72 73
72 74
72 75
72 76
72 77
72 100
72 101
72 102
72 103
72 104
73 74
73 75
73 76
73 77
73 100
73 101
73 102
73 103
73 104
73 105
74 75
74 76
74 77
74 100
74 101
74 102
74 103
74 104
74 105
75 76
75 77
75 78
75 99
75 100
75 101
75 102
75 103
75 104
76 77
76 78
76 79
76 98
76 99
76 100
76 101
76 102
76 103
76 104
77 78
77 79
77 80
77 97
77 98
77 99
77 100
77 101
77 102
78 79
78 80
78 81
78 95
78 96
78 97
78 98
78 99
78 100
78 101
78 102
79 80
79 81
79 82
79 94
79 95
79 96
79 97
79 98
79 99
79 100
79 101
80 81
80 82
80 83
80 93
80 94
80 95
80 96
80 97
80 98
80 99
80 100
81 82
81 83
81 84
81 91
81 92
81 93
81 94
81 95
81 96
81 97
81 98
82 83
82 84
82 85
82 90
82 91
82 92
82 93
82 94
82 95
82 96
82 97
83 84
83 85
83 86
83 87
83 88
83 89
83 90
83 91
83 92
83 93
83 94
83 95
84 85
84 86
84 87
84 88
84 89
84 90
84 91
84 92
84 93
84 94
85 86
85 87
85 88
85 89
85 90
85 91
85 92
86 87
86 88
86 89
86 90
86 91
87 88
87 89
87 90
87 91
88 89
88 90
88 91
88 92
89 90
89 91
89 92
90 91
90 92
90 93
91 92
91 93
91 94
91 95
92 93
92 94
92 95
93 94
93 95
93 96
93 97
94 95
94 96
94 97
94 98
95 96
95 97
95 98
96 97
96 98
96 99
97 98
97 99
97 100
98 99
98 100
98 101
99 100
99 101
99 102
100 101
100 102
100 103
101 102
101 103
101 104
102 103
102 104
102 105
103 104
103 105
104 105