138
0 1
0 2
0 3
0 25
0 26
0 27
0 28
0 49
0 120
1 2
1 3
1 4
1 21
1 22
1 24
1 25
1 26
1 27
1 28
1 29
1 30
1 48
1 49
1 50
1 116
1 119
1 120
2 3
2 4
2 5
2 21
2 24
2 25
2 26
2 27
2 28
2 29
2 30
2 47
2 48
2 49
2 50
2 51
2 76
2 77
2 115
2 116
2 117
2 118
2 119
2 120
2 121
3 4
3 5
3 6
3 21
3 24
3 25
3 26
3 27
3 28
3 29
3 30
3 31
3 32
3 43
3 46
3 47
3 48
3 49
3 50
3 51
3 52
3 75
3 76
3 77
3 115
3 116
3 118
3 119
3 120
4 5
4 6
4 7
4 17
4 18
4 21
4 22
4 26
4 27
4 28
4 29
4 30
4 31
4 32
4 33
4 39
4 42
4 43
4 46
4 47
4 48
4 49
4 50
4 51
4 52
4 53
4 76
4 77
4 78
4 79
4 115
4 116
4 117
4 118
4 119
4 120
5 6
5 7
5 8
5 14
5 17
5 18
5 21
5 27
5 28
5 29
5 30
5 31
5 32
5 33
5 34
5 36
5 38
5 39
5 40
5 41
5 42
5 43
5 44
5 45
5 46
5 47
5 48
5 49
5 50
5 51
5 52
5 53
5 54
5 76
5 77
5 78
5 79
5 80
5 115
5 119
6 7
6 8
6 9
6 10
6 11
6 13
6 14
6 15
6 17
6 18
6 21
6 28
6 29
6 30
6 31
6 32
6 33
6 34
6 35
6 36
6 38
6 39
6 40
6 42
6 43
6 46
6 48
6 49
6 50
6 51
6 52
6 53
6 54
6 55
6 78
6 79
6 80
6 81
6 115
6 119
7 8
7 9
7 10
7 11
7 13
7 14
7 17
7 29
7 30
7 31
7 32
7 33
7 34
7 35
7 36
7 37
7 38
7 39
7 40
7 41
7 42
7 43
7 50
7 51
7 52
7 53
7 54
7 55
7 56
7 57
7 62
7 65
7 66
7 69
7 78
7 79
7 80
7 81
8 9
8 10
8 11
8 12
8 13
8 14
8 15
8 17
8 31
8 32
8 33
8 34
8 35
8 36
8 37
8 38
8 39
8 40
8 51
8 52
8 53
8 54
8 55
8 56
8 57
8 58
8 62
8 65
8 80
8 81
8 82
8 104
9 10
9 11
9 12
9 13
9 14
9 15
9 32
9 33
9 34
9 35
9 36
9 38
9 39
9 52
9 53
9 54
9 55
9 56
9 57
9 58
9 59
9 62
9 81
9 82
10 11
10 12
10 13
10 14
10 15
10 16
10 17
10 32
10 33
10 34
10 35
10 53
10 54
10 55
10 56
10 57
10 58
10 81
10 82
10 83
10 104
11 12
11 13
11 14
11 15
11 16
11 17
11 18
11 32
11 33
11 34
11 54
11 57
11 104
12 13
12 14
12 15
12 16
12 17
12 18
12 19
12 104
12 105
13 14
13 15
13 16
13 17
13 18
13 19
13 20
13 52
13 53
13 54
13 56
13 57
13 81
13 82
13 83
13 102
13 103
13 104
13 105
13 106
13 108
13 111
14 15
14 16
14 17
14 18
14 19
14 20
14 21
14 22
14 29
14 31
14 32
14 33
14 34
14 52
14 53
14 54
14 81
14 104
15 16
15 17
15 18
15 19
15 20
15 21
15 22
15 29
15 32
15 104
15 108
16 17
16 18
16 19
16 20
16 21
16 22
16 23
16 104
16 105
16 106
16 107
16 108
16 109
16 111
16 112
16 115
17 18
17 19
17 20
17 21
17 22
17 23
17 24
17 27
17 28
17 29
17 32
17 52
17 53
17 54
17 81
17 102
17 104
17 105
17 106
17 107
17 108
17 109
17 110
17 111
17 112
17 113
17 114
17 115
17 116
18 19
18 20
18 21
18 22
18 23
18 24
18 27
18 28
18 29
18 30
18 31
18 32
18 52
18 108
18 111
18 112
18 115
19 20
19 21
19 22
19 23
19 24
19 25
19 27
19 28
19 29
19 108
19 109
19 111
19 112
19 115
20 21
20 22
20 23
20 24
20 25
20 26
20 27
20 28
20 29
20 106
20 107
20 108
20 109
20 110
20 111
20 112
20 113
20 114
20 115
20 116
21 22
21 23
21 24
21 25
21 26
21 27
21 28
21 29
21 30
21 108
21 109
21 111
21 112
21 113
21 114
21 115
21 116
21 117
21 118
21 119
21 120
22 23
22 24
22 25
22 26
22 27
22 28
22 29
22 30
22 112
22 115
22 116
23 24
23 25
23 26
23 27
23 28
23 29
23 108
23 109
23 112
23 113
23 115
23 116
24 25
24 26
24 27
24 28
24 29
24 109
24 111
24 112
24 113
24 114
24 115
24 116
24 117
24 119
24 120
25 26
25 27
25 28
25 29
25 112
25 116
25 120
26 27
26 28
26 29
26 49
26 112
26 115
26 116
26 117
26 119
26 120
26 121
27 28
27 29
27 30
27 48
27 49
27 50
27 112
27 113
27 114
27 115
27 116
27 117
27 118
27 119
27 120
27 121
28 29
28 30
28 31
28 32
28 48
28 49
28 50
28 51
28 115
28 116
28 119
28 120
29 30
29 31
29 32
29 33
29 46
29 48
29 49
29 50
29 51
29 52
29 115
29 116
29 119
30 31
30 32
30 33
30 39
30 42
30 43
30 45
30 46
30 47
30 48
30 49
30 50
30 51
30 52
30 119
31 32
31 33
31 34
31 38
31 39
31 40
31 41
31 42
31 43
31 44
31 45
31 46
31 47
31 48
31 49
31 50
31 51
31 52
32 33
32 34
32 35
32 36
32 38
32 39
32 40
32 41
32 42
32 43
32 46
32 48
32 51
32 52
32 53
32 54
33 34
33 35
33 36
33 37
33 38
33 39
33 40
33 41
33 42
33 43
33 51
33 52
33 53
33 54
33 57
34 35
34 36
34 37
34 38
34 39
34 40
34 42
34 52
34 53
34 54
34 55
34 56
34 57
34 58
35 36
35 37
35 38
35 39
35 40
35 41
35 42
35 53
35 54
35 55
35 56
35 57
35 58
35 59
35 60
35 61
35 62
35 65
35 66
35 69
36 37
36 38
36 39
36 40
36 41
36 42
36 43
36 51
36 52
36 53
36 54
36 55
36 56
36 57
36 58
36 59
36 60
36 61
36 62
36 63
36 64
36 65
36 66
36 67
36 68
36 69
36 70
37 38
37 39
37 40
37 41
37 42
37 43
37 44
37 53
37 57
37 58
37 59
37 61
37 62
37 64
37 65
37 66
37 67
37 68
37 69
37 72
38 39
38 40
38 41
38 42
38 43
38 44
38 45
38 65
38 68
38 69
39 40
39 41
39 42
39 43
39 44
39 45
39 46
39 47
39 48
39 51
39 52
39 53
39 54
39 57
39 65
39 66
39 68
39 69
39 70
39 72
40 41
40 42
40 43
40 44
40 45
40 46
40 47
40 48
40 51
40 52
40 53
40 64
40 65
40 66
40 67
40 68
40 69
40 70
40 71
40 72
40 73
40 74
40 78
41 42
41 43
41 44
41 45
41 46
41 47
41 65
41 68
41 69
41 70
41 71
41 72
41 73
41 74
42 43
42 44
42 45
42 46
42 47
42 48
42 51
42 69
42 72
42 73
42 74
43 44
43 45
43 46
43 47
43 48
43 49
43 50
43 51
43 52
43 53
43 66
43 68
43 69
43 70
43 71
43 72
43 73
43 74
43 75
43 76
43 77
43 78
44 45
44 46
44 47
44 48
44 49
44 50
44 51
44 68
44 69
44 70
44 71
44 72
44 73
44 74
44 75
44 76
45 46
45 47
45 48
45 69
45 72
45 73
45 74
45 75
46 47
46 48
46 49
46 50
46 51
46 72
46 73
46 74
46 75
46 76
47 48
47 49
47 50
47 51
47 69
47 70
47 72
47 73
47 74
47 75
47 76
47 77
47 78
48 49
48 50
48 51
48 52
48 73
48 74
48 75
48 76
48 77
48 78
48 118
48 119
48 120
49 50
49 51
49 52
49 74
49 75
49 76
49 77
49 78
49 79
49 99
49 115
49 116
49 117
49 118
49 119
49 120
49 121
50 51
50 52
50 53
50 74
50 75
50 76
50 77
50 78
50 79
50 80
50 98
50 99
50 100
50 114
50 115
50 116
50 117
50 118
50 119
50 120
50 121
51 52
51 53
51 54
51 66
51 69
51 70
51 74
51 75
51 76
51 77
51 78
51 79
51 80
51 81
51 97
51 98
51 99
51 100
51 101
51 115
51 118
51 119
52 53
52 54
52 55
52 65
52 66
52 69
52 76
52 77
52 78
52 79
52 80
52 81
52 82
52 98
52 99
52 100
52 101
52 102
52 103
52 104
52 114
52 115
52 118
52 119
53 54
53 55
53 56
53 57
53 61
53 62
53 63
53 64
53 65
53 66
53 67
53 68
53 69
53 70
53 77
53 78
53 79
53 80
53 81
53 82
53 93
53 97
53 98
53 99
53 100
53 101
53 102
53 103
53 104
54 55
54 56
54 57
54 58
54 59
54 60
54 61
54 62
54 63
54 64
54 65
54 66
54 69
54 78
54 79
54 80
54 81
54 82
54 83
54 84
54 93
54 98
54 101
54 102
54 103
54 104
55 56
55 57
55 58
55 59
55 60
55 61
55 62
55 63
55 64
55 65
55 66
55 67
55 69
55 78
55 79
55 80
55 81
55 82
55 83
55 84
55 89
55 90
55 93
55 98
55 101
55 102
55 103
55 104
56 57
56 58
56 59
56 60
56 61
56 62
56 63
56 64
56 65
56 66
56 80
56 81
56 82
56 83
56 84
56 103
56 104
57 58
57 59
57 60
57 61
57 62
57 63
57 64
57 65
57 66
57 80
57 81
57 82
57 83
58 59
58 60
58 61
58 62
58 65
59 60
59 61
59 62
59 63
59 64
59 65
60 61
60 62
60 63
60 64
60 65
60 82
61 62
61 63
61 64
61 65
61 66
61 67
61 68
62 63
62 64
62 65
62 66
62 67
62 68
62 69
62 80
62 81
62 82
62 83
62 84
62 89
62 92
62 93
62 96
62 98
63 64
63 65
63 66
63 67
63 68
63 69
63 70
63 80
63 81
63 82
63 89
63 90
63 92
63 93
63 94
63 95
63 96
63 97
63 98
64 65
64 66
64 67
64 68
64 69
64 70
64 71
64 92
64 93
64 96
64 97
65 66
65 67
65 68
65 69
65 70
65 71
65 72
65 78
65 80
65 93
65 96
65 97
65 98
66 67
66 68
66 69
66 70
66 71
66 72
66 78
66 79
66 80
66 81
66 92
66 93
66 94
66 95
66 96
66 97
66 98
66 99
66 100
66 101
67 68
67 69
67 70
67 71
67 72
67 78
67 80
67 92
67 93
67 94
67 95
67 96
67 97
67 98
68 69
68 70
68 71
68 72
68 73
68 74
68 96
68 97
68 98
69 70
69 71
69 72
69 73
69 74
69 75
69 76
69 77
69 78
69 79
69 80
69 96
69 97
69 98
70 71
70 72
70 73
70 74
70 75
70 76
70 77
70 78
70 79
70 80
70 93
70 94
70 95
70 96
70 97
70 98
70 99
71 72
71 73
71 74
71 75
71 96
71 97
71 98
72 73
72 74
72 75
72 76
72 78
72 97
73 74
73 75
73 76
73 77
74 75
74 76
74 77
74 78
74 97
75 76
75 77
75 78
75 99
76 77
76 78
76 79
76 97
76 98
76 99
76 100
76 118
76 119
76 120
77 78
77 79
77 80
77 94
77 97
77 98
77 99
77 100
77 101
77 115
77 116
77 117
77 118
77 119
77 120
77 121
77 122
77 123
77 124
78 79
78 80
78 81
78 93
78 94
78 96
78 97
78 98
78 99
78 100
78 101
78 102
78 115
78 118
78 119
78 123
79 80
79 81
79 82
79 90
79 93
79 94
79 96
79 97
79 98
79 99
79 100
79 101
79 102
79 103
79 104
79 114
79 115
79 116
79 117
79 118
79 119
79 123
80 81
80 82
80 83
80 84
80 89
80 90
80 91
80 92
80 93
80 94
80 96
80 97
80 98
80 99
80 100
80 101
80 102
80 103
80 104
80 114
80 115
80 118
81 82
81 83
81 84
81 85
81 89
81 90
81 93
81 98
81 99
81 100
81 101
81 102
81 103
81 104
81 105
81 106
81 111
81 114
81 115
82 83
82 84
82 85
82 86
82 87
82 89
82 90
82 93
82 100
82 101
82 102
82 103
82 104
82 105
82 106
83 84
83 85
83 86
83 87
83 89
83 90
83 101
83 102
83 103
83 104
83 105
83 106
84 85
84 86
84 87
84 88
84 89
84 90
84 92
84 93
84 101
84 102
84 103
84 104
84 105
85 86
85 87
85 88
85 89
85 90
85 91
85 101
85 102
85 103
85 104
85 105
86 87
86 88
86 89
86 90
86 91
86 92
86 93
86 101
86 103
87 88
87 89
87 90
87 91
87 92
87 93
87 94
87 101
87 102
87 103
87 128
87 129
88 89
88 90
88 91
88 92
88 93
88 94
88 95
88 101
88 129
88 132
88 133
89 90
89 91
89 92
89 93
89 94
89 95
89 96
89 98
89 100
89 101
89 102
89 103
89 129
90 91
90 92
90 93
90 94
90 95
90 96
90 97
90 98
90 99
90 100
90 101
90 102
90 103
90 125
90 126
90 128
90 129
90 132
90 133
91 92
91 93
91 94
91 95
91 96
91 97
91 98
91 99
91 100
91 101
91 125
91 126
91 128
91 129
91 130
91 131
91 132
91 133
91 134
91 135
91 136
92 93
92 94
92 95
92 96
92 97
92 98
92 99
92 100
92 101
92 129
92 132
92 133
92 136
93 94
93 95
93 96
93 97
93 98
93 99
93 100
93 101
93 102
93 129
93 132
93 133
93 136
94 95
94 96
94 97
94 98
94 99
94 100
94 101
94 102
94 125
94 126
94 129
94 130
94 132
94 133
94 134
94 136
94 137
95 96
95 97
95 98
95 99
95 100
95 101
95 129
95 130
95 131
95 132
95 133
95 134
95 135
95 136
95 137
96 97
96 98
96 99
96 100
96 101
96 133
96 136
96 137
97 98
97 99
97 100
97 101
97 133
97 136
97 137
98 99
98 100
98 101
98 102
98 118
98 125
98 133
99 100
99 101
99 102
99 114
99 117
99 118
99 119
99 122
99 123
99 124
99 125
99 126
99 129
99 130
99 133
100 101
100 102
100 103
100 114
100 115
100 117
100 118
100 119
100 123
100 124
100 125
100 126
100 129
101 102
101 103
101 104
101 106
101 111
101 114
101 115
101 118
101 125
101 129
102 103
102 104
102 105
102 106
102 107
102 110
102 111
102 112
102 113
102 114
102 115
102 118
103 104
103 105
103 106
103 107
103 108
103 110
103 111
103 114
104 105
104 106
104 107
104 108
104 110
104 111
105 106
105 107
105 108
105 109
105 110
105 111
106 107
106 108
106 109
106 110
106 111
106 112
106 113
106 114
106 115
107 108
107 109
107 110
107 111
107 112
107 113
107 114
108 109
108 110
108 111
108 112
108 113
108 114
108 115
109 110
109 111
109 112
109 113
109 114
109 115
109 116
110 111
110 112
110 113
110 114
110 115
110 116
110 117
111 112
111 113
111 114
111 115
111 116
111 117
111 118
112 113
112 114
112 115
112 116
112 117
112 118
112 119
112 120
112 121
113 114
113 115
113 116
113 117
113 118
113 119
113 120
113 121
113 122
113 123
114 115
114 116
114 117
114 118
114 119
114 120
114 121
114 122
114 123
115 116
115 117
115 118
115 119
115 120
115 121
115 122
115 123
116 117
116 118
116 119
116 120
116 121
116 122
116 123
117 118
117 119
117 120
117 121
117 122
117 123
117 124
118 119
118 120
118 121
118 122
118 123
118 124
118 125
119 120
119 121
119 122
119 123
120 121
120 122
120 123
121 122
121 123
121 124
122 123
122 124
122 125
123 124
123 125
123 126
124 125
124 126
124 127
124 128
124 129
124 130
125 126
125 127
125 128
125 129
125 130
125 131
125 132
125 133
125 134
126 127
126 128
126 129
126 130
126 131
126 132
126 133
127 128
127 129
127 130
127 131
127 132
127 133
127 134
128 129
128 130
128 131
128 132
128 133
128 134
129 130
129 131
129 132
129 133
129 134
129 135
129 136
130 131
130 132
130 133
130 134
130 135
130 136
130 137
131 132
131 133
131 134
131 135
131 136
131 137
132 133
132 134
132 135
132 136
132 137
133 134
133 135
133 136
133 137
134 135
134 136
134 137
135 136
135 137
136 137